         Sample#               E               M           <eps>             <m>             C_V        Suscept.
            1000            -512            -112        0.137069       -0.050615         1.58728        -5.25424
            1100            -536            -238        0.153009      -0.0576517         1.52991        -6.09002
            1200            -424            -176        0.169207      -0.0647159         1.46937        -6.93139
            1300            -520            -252        0.184861      -0.0698213         1.44095        -7.48119
            1400            -512            -162        0.202776      -0.0776855         1.49615        -8.52639
            1500            -456             -88        0.218589      -0.0814235         1.49767        -8.83936
            1600            -444              74        0.234942      -0.0845315         1.48553        -9.10331
            1700            -460              44        0.251819      -0.0884723         1.45018        -9.44881
            1800            -468             144        0.268957      -0.0929774         1.41719        -9.89657
            1900            -508             -90        0.286717      -0.0972296         1.38654        -10.3189
            2000            -528            -152        0.304809       -0.100273         1.37312        -10.5931
            2100            -452            -192         0.32449       -0.107748         1.37514        -11.5373
            2200            -408             -34        0.343218       -0.112681         1.36096        -12.0354
            2300            -492             -48        0.362635       -0.115751         1.34779        -12.3292
            2400            -448              82        0.382159       -0.119547          1.3525           -12.7
            2500            -492            -130        0.403179       -0.123391         1.32872        -13.0879
            2600            -552            -236        0.425401       -0.131436         1.31021        -14.0929
            2700            -604            -324        0.449845       -0.142778         1.35732        -15.9021
            2800            -628            -298        0.474126       -0.153327         1.37931        -17.5203
            2900            -584            -318        0.499825       -0.165073         1.41601        -19.4466
            3000            -432             102        0.525194       -0.175391         1.42032         -21.106
            3100            -492             220        0.550016       -0.182863         1.39437         -22.138
            3200            -480              94        0.576115       -0.193032         1.37141        -23.7139
            3300            -504              34        0.601781       -0.199113         1.36089        -24.5184
            3400            -452              80        0.628388       -0.203836         1.34153         -25.154
            3500            -496             112        0.655386        -0.21131         1.33894        -26.1922
            3600            -528             294        0.685011       -0.220695         1.34029        -27.6988
            3700            -528             206        0.715651       -0.232479         1.33357        -29.6685
            3800            -540             222        0.747294        -0.24397         1.32451        -31.5753
            3900            -412               6         0.77918        -0.25489         1.31223        -33.4299
            4000            -476             216        0.813923       -0.269161         1.32039        -36.1584
            4100            -528             238        0.847812       -0.281277         1.31634        -38.2927
            4200            -480             186        0.882766       -0.293309         1.30597         -40.468
            4300            -384              -2         0.91826       -0.301829         1.29908        -41.9402
            4400            -488             114        0.956177       -0.313608         1.29642        -44.2088
            4500            -412             134        0.994885       -0.326522         1.29337        -46.5989
            4600            -600             298          1.0357       -0.340009         1.28266        -49.2085
            4700            -584             320         1.08124       -0.359651         1.31274        -53.6331
            4800            -396             106         1.12913       -0.380825         1.35985        -58.6648
            4900            -428               0         1.17417       -0.395619         1.35507        -61.9067
            5000            -564             290         1.22133       -0.410041         1.35082        -65.0875
            5100            -488              52         1.27023       -0.424511         1.34092        -68.3506
            5200            -488            -232         1.32159       -0.439452         1.33787        -71.7841
            5300            -468            -224         1.37595       -0.458897         1.34412        -76.5488
            5400            -628            -338         1.43439       -0.482571         1.35124        -82.6469
            5500            -452              34         1.49387       -0.504066         1.35347        -88.2607
            5600            -496             162          1.5562       -0.525934         1.34464        -94.0391
            5700            -448             134         1.61887       -0.545227         1.34354        -99.0071
            5800            -496             174         1.68695       -0.570289         1.33404         -105.92
            5900            -436             138         1.75831       -0.597239         1.32896        -113.634
            6000            -500             194          1.8337        -0.62722         1.31548        -122.648
            6100            -488             200         1.91385        -0.65791          1.3148        -132.143
            6200            -412              82         1.99519       -0.686642         1.30449        -141.033
            6300            -476             224         2.08446       -0.721549         1.31857        -152.757
            6400            -500             206         2.17649       -0.754308         1.30823        -163.729
            6500            -516             268          2.2776       -0.795299         1.32136        -178.537
            6600            -504             268         2.38307       -0.836396         1.31732        -193.709
            6700            -496             222         2.49245       -0.878458         1.31466        -209.704
            6800            -492             172         2.60953       -0.920756         1.31396        -226.211
            6900            -524             190         2.73435       -0.968331         1.31587        -245.664
            7000            -416             138         2.86574        -1.01504         1.31213        -265.322
            7100            -440              74         3.00401        -1.06281         1.30606        -285.989
            7200            -540             268         3.15499        -1.11794         1.30347        -311.176
            7300            -436               4         3.31426        -1.16591         1.30318          -333.7
            7400            -512            -228         3.48594        -1.22143         1.30322        -360.575
            7500            -576            -214          3.6741        -1.28673         1.30364        -393.703
            7600            -492            -156         3.87827        -1.35748         1.30446        -431.093
            7700            -608            -322         4.10337        -1.44239         1.30168        -478.758
            7800            -544            -254         4.35074        -1.53841         1.31062        -535.947
            7900            -592            -294         4.62214        -1.64452         1.31873        -602.808
            8000            -632            -332         4.92179        -1.76195         1.33541        -681.303
            8100            -552            -308         5.25108        -1.88949          1.3408        -771.462
            8200            -552            -298         5.62154        -2.03588          1.3613        -882.224
            8300            -488            -226         6.03308         -2.1974         1.36668        -1012.42
            8400            -576            -310         6.49867        -2.38154         1.38396        -1171.83
            8500            -588            -290         7.02037        -2.58258         1.38555        -1357.82
            8600            -448             -80         7.60579        -2.78823         1.38234        -1560.77
            8700            -472             -10         8.28029        -3.01896         1.37793        -1805.15
            8800            -456            -162         9.06726         -3.2875         1.37443         -2112.1
            8900            -496             240         9.99651        -3.61538         1.37243        -2519.47
            9000            -552             308         11.1192        -4.03201         1.36739        -3089.85
            9100            -392              62         12.4922        -4.53452         1.36152        -3854.48
            9200            -576             280         14.2169        -5.16737          1.3612         -4937.8
            9300            -524             248         16.4373        -5.99869          1.3587        -6564.76
            9400            -480             176         19.3944        -7.10008         1.36031        -9074.71
            9500            -432              60         23.4982        -8.57135         1.35982        -13054.9
            9600            -412             -68         29.6517        -10.7502         1.36499        -20275.2
            9700            -472              30         39.9187        -14.3685         1.36276        -35762.1
            9800            -592            -308         60.5086        -21.8118         1.36883        -81348.2
            9900            -552            -288         122.294        -44.2451         1.36378         -330448
           10000            -492            -272            -inf             inf         1.37211            -nan
           10100            -608            -316        -124.817         45.3994         1.37721         -339217
           10200            -516            -306        -63.1024         23.0727         1.39044        -86527.6
           10300            -424            -164        -42.4781         15.5575         1.38961        -38857.4
           10400            -460             -86        -32.1831         11.8167         1.38927        -22145.2
           10500            -500            -234        -25.9794         9.52012         1.38551        -14199.2
           10600            -444            -144        -21.8406         7.99225           1.388        -9886.59
           10700            -440            -110        -18.8891         6.91064         1.38707        -7303.99
           10800            -460             -52        -16.6647         6.06539         1.39108        -5557.26
           10900            -624            -298        -14.9467         5.44317         1.38991        -4423.13
           11000            -504            -252        -13.5908         4.96753          1.4018        -3641.13
