         Sample#               E               M           <eps>             <m>             C_V        Suscept.
            1000            -800             400        0.221963       -0.111044       0.0197084        -49.3236
            1100            -800             400        0.246913       -0.123524       0.0188923        -55.4846
            1200            -800             400        0.272415       -0.136284       0.0191993        -61.9108
            1300            -800             400        0.298494       -0.149334       0.0196331        -68.6175
            1400            -800             400        0.325214       -0.162697       0.0186478        -75.6292
            1500            -800             400        0.352553       -0.176371       0.0181173        -82.9517
            1600            -800             400        0.380532       -0.190368        0.018078        -90.6006
            1700            -800             400        0.409186       -0.204703       0.0182315        -98.5963
            1800            -800             400         0.43854       -0.219388       0.0184764        -106.958
            1900            -800             400        0.468589       -0.234427       0.0199097        -115.697
            2000            -800             400        0.499411       -0.249849       0.0202016        -124.849
            2100            -792             398        0.531019       -0.265662       0.0200442        -134.431
            2200            -792             398        0.563423       -0.281877       0.0202603        -144.463
            2300            -800             400        0.596684       -0.298517       0.0202789        -154.978
            2400            -800             400         0.63083       -0.315597        0.019935        -166.003
            2500            -800             400        0.665871       -0.333129        0.019911        -177.561
            2600            -800             400        0.701857       -0.351134       0.0202351        -189.685
            2700            -792             398        0.738804       -0.369626       0.0207889        -202.406
            2800            -800             400        0.776818       -0.388642        0.020521        -215.776
            2900            -784             396        0.815896       -0.408192       0.0206374        -229.823
            3000            -792             398        0.856053       -0.428291       0.0215059        -244.578
            3100            -800             400        0.897404        -0.44898       0.0215376        -260.108
            3200            -800             400        0.939962       -0.470276       0.0217349         -276.45
            3300            -800             400         0.98381       -0.492212       0.0216679        -293.664
            3400            -792             398         1.02894       -0.514801       0.0223571        -311.789
            3500            -800             400         1.07553       -0.538103       0.0218974        -330.921
            3600            -800             400         1.12356       -0.562129       0.0216597          -351.1
            3700            -800             400         1.17311       -0.586917       0.0214346        -372.403
            3800            -800             400         1.22424       -0.612499       0.0215723        -394.901
            3900            -800             400         1.27705       -0.638923       0.0214832        -418.691
            4000            -800             400         1.33163       -0.666227       0.0213986         -443.86
            4100            -800             400         1.38804       -0.694453       0.0215611        -470.504
            4200            -800             400         1.44641       -0.723657       0.0214786        -498.743
            4300            -800             400         1.50684       -0.753888       0.0214659        -528.696
            4400            -800             400          1.5694       -0.785192       0.0216428         -560.48
            4500            -800             400         1.63423       -0.817631       0.0219353        -594.242
            4600            -800             400         1.70147       -0.851275       0.0221549        -630.148
            4700            -784             396         1.77123       -0.886177       0.0227536        -668.351
            4800            -800             400         1.84365       -0.922423       0.0232479        -709.055
            4900            -800             400         1.91896       -0.960105       0.0232735        -752.493
            5000            -800             400         1.99727        -0.99929       0.0233272        -798.866
            5100            -800             400         2.07874        -1.04007       0.0236459        -848.422
            5200            -800             400         2.16368        -1.08256       0.0234504        -901.487
            5300            -792             398          2.2522        -1.12685       0.0235577        -958.333
            5400            -800             400          2.3446        -1.17307       0.0233709        -1019.34
            5500            -792             398         2.44108        -1.22135       0.0233188        -1084.87
            5600            -800             400         2.54198        -1.27183        0.023122        -1155.39
            5700            -800             400          2.6475        -1.32463       0.0233499        -1231.34
            5800            -800             400         2.75809        -1.37996       0.0232901        -1313.31
            5900            -800             400          2.8741          -1.438       0.0231975        -1401.93
            6000            -800             400         2.99587        -1.49893        0.023181        -1497.86
            6100            -800             400         3.12393        -1.56299       0.0230026        -1601.94
            6200            -800             400         3.25871        -1.63043        0.022896        -1715.03
            6300            -800             400         3.40079        -1.70151       0.0227459        -1838.18
            6400            -800             400          3.5507        -1.77652       0.0228508        -1972.52
            6500            -800             400         3.70919        -1.85583       0.0229259        -2119.44
            6600            -800             400         3.87702         -1.9398       0.0229541         -2280.5
            6700            -800             400           4.055        -2.02885       0.0229682        -2457.47
            6800            -800             400         4.24406        -2.12347       0.0231739        -2652.42
            6900            -800             400          4.4454         -2.2242       0.0231469        -2867.87
            7000            -800             400         4.66017        -2.33166        0.023042        -3106.65
            7100            -800             400         4.88973        -2.44652       0.0229887        -3372.09
            7200            -800             400         5.13573        -2.56959       0.0229012        -3668.23
            7300            -800             400          5.3999        -2.70177       0.0229269        -3999.76
            7400            -800             400         5.68438        -2.84411       0.0229242        -4372.42
            7500            -800             400          5.9917        -2.99786       0.0227676        -4793.17
            7600            -800             400         6.32452        -3.16439       0.0229203         -5270.2
            7700            -800             400         6.68623         -3.3454       0.0232037        -5813.87
            7800            -800             400         7.08091        -3.54288       0.0231974        -6436.92
            7900            -800             400         7.51323        -3.75918       0.0231039        -7155.16
            8000            -800             400         7.98877        -3.99711        0.023035        -7988.44
            8100            -800             400         8.51443        -4.26009       0.0228888        -8962.18
            8200            -800             400          9.0984        -4.55228       0.0229053        -10108.9
            8300            -800             400         9.75113        -4.87886       0.0228058        -11471.4
            8400            -800             400         10.4854        -5.24624       0.0227848        -13106.2
            8500            -800             400         11.3175         -5.6626       0.0228218        -15089.4
            8600            -800             400         12.2684        -6.13841       0.0229144        -17525.6
            8700            -800             400         13.3657        -6.68745       0.0229752        -20561.8
            8800            -800             400         14.6458        -7.32795        0.023153        -24408.6
            8900            -792             398         16.1586        -8.08495       0.0232223        -29378.1
            9000            -792             398         17.9742        -8.99336       0.0232265          -35947
            9100            -800             400          20.193        -10.1036       0.0234207        -44871.6
            9200            -800             400         22.9667        -11.4914       0.0235802        -57414.3
            9300            -800             400          26.533        -13.2758       0.0235352        -75805.4
            9400            -800             400         31.2879         -15.655       0.0235381         -104289
            9500            -800             400         37.9449        -18.9858       0.0235118         -151773
            9600            -792             398         47.9303        -23.9821       0.0235031         -239641
            9700            -800             400         64.5727        -32.3092       0.0234711         -430467
            9800            -800             400         97.8577        -48.9634       0.0234673         -978537
            9900            -800             400         197.714        -98.9266       0.0233216    -3.95413e+06
           10000            -792             398            -inf             inf       0.0232965            -nan
           10100            -800             400        -201.709         100.925       0.0232566    -4.03402e+06
           10200            -800             400        -101.853         50.9622       0.0233939    -1.01849e+06
           10300            -800             400        -68.5672         34.3078       0.0234683         -457096
           10400            -800             400        -51.9249         25.9807       0.0233842         -259614
           10500            -800             400        -41.9392         20.9844       0.0234982         -167750
           10600            -800             400        -35.2823         17.6535       0.0234729         -117603
           10700            -800             400        -30.5274         15.2744        0.023397        -87217.4
           10800            -800             400        -26.9612           13.49       0.0233329        -67400.1
           10900            -800             400        -24.1872         12.1021        0.023419        -53747.1
           11000            -800             400        -21.9682         10.9918       0.0234057        -43934.6
