         Sample#               E               M  Expval epsilon        Expval M             C_V         Sucept.
               0             -12             -18            -nan            -nan            -nan            -nan
             100            -112             -24         -0.3114           0.077         38.4001         23.4788
             200            -112             -21        -0.30275       0.0760125         72.9594         45.9921
             300            -120             -32       -0.298733        0.076125         106.733         69.3084
             400            -104             -34         -0.2993        0.074325          142.97         88.1663
             500            -112             -38        -0.29902         0.07474         178.468         111.498
             600            -164             -32       -0.302433       0.0745125         219.152         133.029
             700            -104             -30       -0.303114       0.0739286         256.892         152.814
             800            -144             -25       -0.302963       0.0737313         293.349         173.744
             900            -140             -44       -0.303456       0.0733722         331.139          193.59
            1000            -136             -32        -0.30325       0.0732825         367.474         214.598
            1100            -152             -37       -0.302145       0.0732432         401.319         235.826
            1200            -108             -32         -0.3022       0.0732417         437.994         257.274
            1300            -156             -21       -0.302485       0.0730538         475.418         277.303
            1400            -124             -17       -0.302964       0.0731804         513.642         299.686
            1500            -128             -39       -0.302453       0.0731983         548.502         321.265
            1600             -80             -27       -0.303444       0.0729531         588.932         340.405
            1700            -116             -24       -0.303665       0.0729868         626.674         362.028
            1800             -84             -46       -0.302833        0.073225         659.931         385.842
            1900            -112             -30       -0.303011       0.0733645          697.43         408.843
            2000            -140             -29        -0.30308        0.073405         734.492         430.848
            2100            -128             -34       -0.302933       0.0734393         770.489         452.824
            2200            -152             -21       -0.302859       0.0734011         806.801         473.904
            2300            -108             -31       -0.302991       0.0734848         844.227         496.585
            2400            -156             -29       -0.303183       0.0734969         882.066         518.356
            2500            -112             -32       -0.303168        0.073495         918.741         539.935
            2600            -140             -28       -0.303027       0.0736346         954.616         563.677
            2700            -164             -23       -0.303441       0.0737287         994.056         586.862
            2800             -72             -43       -0.303007       0.0736625         1027.94         607.513
            2900            -100             -16       -0.303472       0.0736198         1067.94         628.489
            3000            -116             -33       -0.303283       0.0735933          1103.4         649.701
            3100            -148             -29       -0.303361       0.0736065         1140.78         671.604
            3200            -184             -33       -0.303144       0.0736219          1175.9         693.566
            3300            -124             -37       -0.302755       0.0736023         1209.55         714.866
            3400            -112             -15       -0.302774       0.0738588         1246.37         741.679
            3500             -92             -17       -0.302517       0.0738793         1280.87         763.923
            3600             -84             -29       -0.301986       0.0738653         1312.85         785.457
            3700            -120             -42       -0.301857       0.0739095         1348.17         808.248
            3800            -132             -29       -0.301616       0.0738388         1382.41         828.512
            3900             -92             -26       -0.301536       0.0737532         1418.05          848.35
            4000            -136             -18       -0.301877       0.0737037         1457.72         868.942
            4100            -156              -9       -0.301744       0.0736902         1492.85         890.344
            4200            -124             -34       -0.301864       0.0737226         1530.49         912.867
            4300            -100             -29       -0.301786       0.0738669         1566.12         938.268
            4400             -88             -36         -0.3022       0.0739034         1606.95         961.043
            4500            -144             -31       -0.302558       0.0738906         1647.38         982.548
            4600            -104             -29       -0.302485       0.0738571         1683.18         1003.48
            4700             -72             -18       -0.302279       0.0738814         1717.44         1025.97
            4800            -132             -38       -0.302387       0.0738479         1755.25         1046.86
            4900            -116             -46       -0.302296       0.0739454         1790.74         1071.49
            5000            -148             -17       -0.302438        0.073922         1829.01         1092.67
            5100            -104             -49       -0.302329       0.0739789         1864.26         1116.25
            5200            -176             -31       -0.302144       0.0739721         1898.49         1137.93
            5300             -64             -40        -0.30213       0.0739071         1934.83         1157.78
            5400            -148             -36       -0.302198       0.0739028         1972.23         1179.49
            5500            -188              -8       -0.302247       0.0739395         2009.41         1202.53
            5600             -96             -32       -0.302437       0.0739375         2048.53         1224.33
            5700            -152             -34       -0.302547       0.0739268         2086.63         1245.84
            5800             -92             -32       -0.302398       0.0739638         2121.15         1268.97
            5900            -120             -39        -0.30249       0.0739818         2159.04         1291.48
            6000             -92             -38       -0.302422       0.0740208         2194.65         1314.76
            6100             -68             -35       -0.302361       0.0740631         2230.33          1338.2
            6200            -132             -40       -0.302452       0.0740536         2268.26          1359.8
            6300             -56             -36       -0.302243       0.0740488         2301.67         1381.55
            6400            -116             -47       -0.302295        0.074043         2339.03         1403.27
            6500            -124             -26       -0.302215       0.0739877         2374.32         1423.07
            6600             -96             -37       -0.302215         0.07405         2410.85          1447.4
            6700            -128             -27       -0.302428       0.0740619         2450.84         1469.81
            6800            -156             -34       -0.302494        0.074089         2488.51         1492.84
            6900             -84             -19       -0.302467       0.0740721         2524.65          1514.1
            7000            -132             -27       -0.302274       0.0741071         2557.99          1537.5
            7100            -124             -38       -0.302407       0.0740482         2596.81         1556.99
            7200            -108             -29       -0.302279       0.0740483         2631.17         1578.93
            7300            -104             -26       -0.302193       0.0741045          2666.2         1603.29
            7400            -144             -20       -0.302089       0.0740753         2700.87         1623.98
            7500            -112             -24       -0.302016       0.0740457         2736.05         1644.61
            7600             -88             -37       -0.302024       0.0740408         2772.67         1666.32
            7700             -84             -34       -0.301983       0.0740516          2808.4         1688.74
            7800            -112             -45       -0.301863       0.0740673         2842.62          1711.4
            7900            -144             -20       -0.301908       0.0740896         2879.92         1734.39
            8000            -116             -35         -0.3018       0.0740672          2914.3         1755.28
            8100             -88             -15       -0.301726       0.0740719         2949.28         1777.45
            8200            -112             -29       -0.301756       0.0740713          2986.3         1799.37
            8300            -124             -23       -0.301794        0.074037         3023.48         1819.63
            8400            -156             -34       -0.301651        0.074014         3057.02         1840.41
            8500            -116             -33       -0.301741        0.074005         3095.26         1861.87
            8600            -144             -24        -0.30176       0.0740052         3132.08         1883.79
            8700            -124             -35       -0.301791       0.0739991         3169.14         1905.38
            8800            -164             -37       -0.301759       0.0740176          3204.9         1928.25
            8900            -124             -40       -0.301835       0.0739927         3242.95         1948.85
            9000            -148             -22       -0.301901       0.0739778         3280.83         1969.96
            9100             -60             -29       -0.301945       0.0739368         3318.25         1989.64
            9200            -124             -27        -0.30186       0.0739378         3352.83         2011.56
            9300            -164             -19       -0.301869       0.0739124         3389.48         2032.03
            9400            -148             -42        -0.30189       0.0739455         3426.42         2055.72
            9500            -112             -29       -0.301941         0.07392         3464.03         2076.16
            9600            -160             -26       -0.301984       0.0739544         3501.51         2099.98
            9700             -60             -27       -0.301997       0.0739479         3538.28         2121.48
            9800            -152             -17       -0.301973       0.0739342          3574.2         2142.56
            9900            -144             -27       -0.302179       0.0739139         3615.59         2163.23
           10000            -120             -34       -0.302215       0.0739332         3652.99         2186.23
