   1.000000e-02   8.509210e-02
   2.000000e-02   1.611358e-01
   3.000000e-02   2.289923e-01
   4.000000e-02   2.894405e-01
   5.000000e-02   3.431855e-01
   6.000000e-02   3.908653e-01
   7.000000e-02   4.330569e-01
   8.000000e-02   4.702826e-01
   9.000000e-02   5.030151e-01
   1.000000e-01   5.316819e-01
   1.100000e-01   5.566699e-01
   1.200000e-01   5.783291e-01
   1.300000e-01   5.969765e-01
   1.400000e-01   6.128985e-01
   1.500000e-01   6.263545e-01
   1.600000e-01   6.375793e-01
   1.700000e-01   6.467850e-01
   1.800000e-01   6.541640e-01
   1.900000e-01   6.598899e-01
   2.000000e-01   6.641202e-01
   2.100000e-01   6.669971e-01
   2.200000e-01   6.686494e-01
   2.300000e-01   6.691938e-01
   2.400000e-01   6.687355e-01
   2.500000e-01   6.673700e-01
   2.600000e-01   6.651837e-01
   2.700000e-01   6.622547e-01
   2.800000e-01   6.586536e-01
   2.900000e-01   6.544444e-01
   3.000000e-01   6.496850e-01
   3.100000e-01   6.444277e-01
   3.200000e-01   6.387199e-01
   3.300000e-01   6.326045e-01
   3.400000e-01   6.261202e-01
   3.500000e-01   6.193022e-01
   3.600000e-01   6.121823e-01
   3.700000e-01   6.047891e-01
   3.800000e-01   5.971487e-01
   3.900000e-01   5.892846e-01
   4.000000e-01   5.812180e-01
   4.100000e-01   5.729683e-01
   4.200000e-01   5.645529e-01
   4.300000e-01   5.559875e-01
   4.400000e-01   5.472864e-01
   4.500000e-01   5.384626e-01
   4.600000e-01   5.295276e-01
   4.700000e-01   5.204922e-01
   4.800000e-01   5.113658e-01
   4.900000e-01   5.021571e-01
   5.000000e-01   4.928739e-01
   5.100000e-01   4.835233e-01
   5.200000e-01   4.741118e-01
   5.300000e-01   4.646451e-01
   5.400000e-01   4.551285e-01
   5.500000e-01   4.455668e-01
   5.600000e-01   4.359641e-01
   5.700000e-01   4.263245e-01
   5.800000e-01   4.166515e-01
   5.900000e-01   4.069481e-01
   6.000000e-01   3.972174e-01
   6.100000e-01   3.874618e-01
   6.200000e-01   3.776839e-01
   6.300000e-01   3.678856e-01
   6.400000e-01   3.580690e-01
   6.500000e-01   3.482358e-01
   6.600000e-01   3.383875e-01
   6.700000e-01   3.285256e-01
   6.800000e-01   3.186515e-01
   6.900000e-01   3.087661e-01
   7.000000e-01   2.988708e-01
   7.100000e-01   2.889662e-01
   7.200000e-01   2.790535e-01
   7.300000e-01   2.691333e-01
   7.400000e-01   2.592063e-01
   7.500000e-01   2.492732e-01
   7.600000e-01   2.393345e-01
   7.700000e-01   2.293909e-01
   7.800000e-01   2.194427e-01
   7.900000e-01   2.094905e-01
   8.000000e-01   1.995345e-01
   8.100000e-01   1.895752e-01
   8.200000e-01   1.796128e-01
   8.300000e-01   1.696477e-01
   8.400000e-01   1.596802e-01
   8.500000e-01   1.497103e-01
   8.600000e-01   1.397385e-01
   8.700000e-01   1.297647e-01
   8.800000e-01   1.197894e-01
   8.900000e-01   1.098125e-01
   9.000000e-01   9.983423e-02
   9.100000e-01   8.985474e-02
   9.200000e-01   7.987414e-02
   9.300000e-01   6.989253e-02
   9.400000e-01   5.991001e-02
   9.500000e-01   4.992666e-02
   9.600000e-01   3.994256e-02
   9.700000e-01   2.995778e-02
   9.800000e-01   1.997239e-02
   9.900000e-01   9.986446e-03
