  1.0000e-02  8.5092e-02
  2.0000e-02  1.6114e-01
  3.0000e-02  2.2899e-01
  4.0000e-02  2.8944e-01
  5.0000e-02  3.4319e-01
  6.0000e-02  3.9087e-01
  7.0000e-02  4.3306e-01
  8.0000e-02  4.7028e-01
  9.0000e-02  5.0302e-01
  1.0000e-01  5.3168e-01
  1.1000e-01  5.5667e-01
  1.2000e-01  5.7833e-01
  1.3000e-01  5.9698e-01
  1.4000e-01  6.1290e-01
  1.5000e-01  6.2635e-01
  1.6000e-01  6.3758e-01
  1.7000e-01  6.4679e-01
  1.8000e-01  6.5416e-01
  1.9000e-01  6.5989e-01
  2.0000e-01  6.6412e-01
  2.1000e-01  6.6700e-01
  2.2000e-01  6.6865e-01
  2.3000e-01  6.6919e-01
  2.4000e-01  6.6874e-01
  2.5000e-01  6.6737e-01
  2.6000e-01  6.6518e-01
  2.7000e-01  6.6225e-01
  2.8000e-01  6.5865e-01
  2.9000e-01  6.5444e-01
  3.0000e-01  6.4968e-01
  3.1000e-01  6.4443e-01
  3.2000e-01  6.3872e-01
  3.3000e-01  6.3260e-01
  3.4000e-01  6.2612e-01
  3.5000e-01  6.1930e-01
  3.6000e-01  6.1218e-01
  3.7000e-01  6.0479e-01
  3.8000e-01  5.9715e-01
  3.9000e-01  5.8928e-01
  4.0000e-01  5.8122e-01
  4.1000e-01  5.7297e-01
  4.2000e-01  5.6455e-01
  4.3000e-01  5.5599e-01
  4.4000e-01  5.4729e-01
  4.5000e-01  5.3846e-01
  4.6000e-01  5.2953e-01
  4.7000e-01  5.2049e-01
  4.8000e-01  5.1137e-01
  4.9000e-01  5.0216e-01
  5.0000e-01  4.9287e-01
  5.1000e-01  4.8352e-01
  5.2000e-01  4.7411e-01
  5.3000e-01  4.6465e-01
  5.4000e-01  4.5513e-01
  5.5000e-01  4.4557e-01
  5.6000e-01  4.3596e-01
  5.7000e-01  4.2632e-01
  5.8000e-01  4.1665e-01
  5.9000e-01  4.0695e-01
  6.0000e-01  3.9722e-01
  6.1000e-01  3.8746e-01
  6.2000e-01  3.7768e-01
  6.3000e-01  3.6789e-01
  6.4000e-01  3.5807e-01
  6.5000e-01  3.4824e-01
  6.6000e-01  3.3839e-01
  6.7000e-01  3.2853e-01
  6.8000e-01  3.1865e-01
  6.9000e-01  3.0877e-01
  7.0000e-01  2.9887e-01
  7.1000e-01  2.8897e-01
  7.2000e-01  2.7905e-01
  7.3000e-01  2.6913e-01
  7.4000e-01  2.5921e-01
  7.5000e-01  2.4927e-01
  7.6000e-01  2.3933e-01
  7.7000e-01  2.2939e-01
  7.8000e-01  2.1944e-01
  7.9000e-01  2.0949e-01
  8.0000e-01  1.9953e-01
  8.1000e-01  1.8958e-01
  8.2000e-01  1.7961e-01
  8.3000e-01  1.6965e-01
  8.4000e-01  1.5968e-01
  8.5000e-01  1.4971e-01
  8.6000e-01  1.3974e-01
  8.7000e-01  1.2976e-01
  8.8000e-01  1.1979e-01
  8.9000e-01  1.0981e-01
  9.0000e-01  9.9834e-02
  9.1000e-01  8.9855e-02
  9.2000e-01  7.9874e-02
  9.3000e-01  6.9893e-02
  9.4000e-01  5.9910e-02
  9.5000e-01  4.9927e-02
  9.6000e-01  3.9943e-02
  9.7000e-01  2.9958e-02
  9.8000e-01  1.9972e-02
  9.9000e-01  9.9864e-03
