   1.000000e-03   8.950137e-03
   2.000000e-03   1.780127e-02
   3.000000e-03   2.655438e-02
   4.000000e-03   3.521045e-02
   5.000000e-03   4.377044e-02
   6.000000e-03   5.223530e-02
   7.000000e-03   6.060599e-02
   8.000000e-03   6.888344e-02
   9.000000e-03   7.706858e-02
   1.000000e-02   8.516233e-02
   1.100000e-02   9.316559e-02
   1.200000e-02   1.010793e-01
   1.300000e-02   1.089043e-01
   1.400000e-02   1.166414e-01
   1.500000e-02   1.242917e-01
   1.600000e-02   1.318558e-01
   1.700000e-02   1.393348e-01
   1.800000e-02   1.467294e-01
   1.900000e-02   1.540404e-01
   2.000000e-02   1.612688e-01
   2.100000e-02   1.684153e-01
   2.200000e-02   1.754807e-01
   2.300000e-02   1.824659e-01
   2.400000e-02   1.893717e-01
   2.500000e-02   1.961987e-01
   2.600000e-02   2.029479e-01
   2.700000e-02   2.096200e-01
   2.800000e-02   2.162157e-01
   2.900000e-02   2.227359e-01
   3.000000e-02   2.291812e-01
   3.100000e-02   2.355525e-01
   3.200000e-02   2.418504e-01
   3.300000e-02   2.480757e-01
   3.400000e-02   2.542291e-01
   3.500000e-02   2.603113e-01
   3.600000e-02   2.663231e-01
   3.700000e-02   2.722651e-01
   3.800000e-02   2.781380e-01
   3.900000e-02   2.839425e-01
   4.000000e-02   2.896794e-01
   4.100000e-02   2.953492e-01
   4.200000e-02   3.009526e-01
   4.300000e-02   3.064903e-01
   4.400000e-02   3.119630e-01
   4.500000e-02   3.173712e-01
   4.600000e-02   3.227158e-01
   4.700000e-02   3.279971e-01
   4.800000e-02   3.332160e-01
   4.900000e-02   3.383730e-01
   5.000000e-02   3.434687e-01
   5.100000e-02   3.485038e-01
   5.200000e-02   3.534789e-01
   5.300000e-02   3.583944e-01
   5.400000e-02   3.632512e-01
   5.500000e-02   3.680496e-01
   5.600000e-02   3.727904e-01
   5.700000e-02   3.774740e-01
   5.800000e-02   3.821011e-01
   5.900000e-02   3.866722e-01
   6.000000e-02   3.911878e-01
   6.100000e-02   3.956486e-01
   6.200000e-02   4.000550e-01
   6.300000e-02   4.044077e-01
   6.400000e-02   4.087071e-01
   6.500000e-02   4.129537e-01
   6.600000e-02   4.171482e-01
   6.700000e-02   4.212910e-01
   6.800000e-02   4.253825e-01
   6.900000e-02   4.294235e-01
   7.000000e-02   4.334143e-01
   7.100000e-02   4.373554e-01
   7.200000e-02   4.412473e-01
   7.300000e-02   4.450906e-01
   7.400000e-02   4.488857e-01
   7.500000e-02   4.526331e-01
   7.600000e-02   4.563332e-01
   7.700000e-02   4.599866e-01
   7.800000e-02   4.635937e-01
   7.900000e-02   4.671549e-01
   8.000000e-02   4.706707e-01
   8.100000e-02   4.741417e-01
   8.200000e-02   4.775681e-01
   8.300000e-02   4.809505e-01
   8.400000e-02   4.842893e-01
   8.500000e-02   4.875849e-01
   8.600000e-02   4.908377e-01
   8.700000e-02   4.940483e-01
   8.800000e-02   4.972169e-01
   8.900000e-02   5.003441e-01
   9.000000e-02   5.034302e-01
   9.100000e-02   5.064757e-01
   9.200000e-02   5.094809e-01
   9.300000e-02   5.124462e-01
   9.400000e-02   5.153721e-01
   9.500000e-02   5.182590e-01
   9.600000e-02   5.211071e-01
   9.700000e-02   5.239170e-01
   9.800000e-02   5.266890e-01
   9.900000e-02   5.294234e-01
   1.000000e-01   5.321207e-01
   1.010000e-01   5.347811e-01
   1.020000e-01   5.374052e-01
   1.030000e-01   5.399932e-01
   1.040000e-01   5.425455e-01
   1.050000e-01   5.450625e-01
   1.060000e-01   5.475444e-01
   1.070000e-01   5.499918e-01
   1.080000e-01   5.524048e-01
   1.090000e-01   5.547838e-01
   1.100000e-01   5.571293e-01
   1.110000e-01   5.594414e-01
   1.120000e-01   5.617206e-01
   1.130000e-01   5.639672e-01
   1.140000e-01   5.661814e-01
   1.150000e-01   5.683637e-01
   1.160000e-01   5.705143e-01
   1.170000e-01   5.726336e-01
   1.180000e-01   5.747218e-01
   1.190000e-01   5.767793e-01
   1.200000e-01   5.788064e-01
   1.210000e-01   5.808034e-01
   1.220000e-01   5.827705e-01
   1.230000e-01   5.847081e-01
   1.240000e-01   5.866165e-01
   1.250000e-01   5.884960e-01
   1.260000e-01   5.903468e-01
   1.270000e-01   5.921692e-01
   1.280000e-01   5.939636e-01
   1.290000e-01   5.957301e-01
   1.300000e-01   5.974691e-01
   1.310000e-01   5.991809e-01
   1.320000e-01   6.008657e-01
   1.330000e-01   6.025238e-01
   1.340000e-01   6.041554e-01
   1.350000e-01   6.057608e-01
   1.360000e-01   6.073403e-01
   1.370000e-01   6.088942e-01
   1.380000e-01   6.104226e-01
   1.390000e-01   6.119259e-01
   1.400000e-01   6.134043e-01
   1.410000e-01   6.148580e-01
   1.420000e-01   6.162873e-01
   1.430000e-01   6.176924e-01
   1.440000e-01   6.190736e-01
   1.450000e-01   6.204311e-01
   1.460000e-01   6.217652e-01
   1.470000e-01   6.230760e-01
   1.480000e-01   6.243638e-01
   1.490000e-01   6.256289e-01
   1.500000e-01   6.268714e-01
   1.510000e-01   6.280916e-01
   1.520000e-01   6.292898e-01
   1.530000e-01   6.304660e-01
   1.540000e-01   6.316206e-01
   1.550000e-01   6.327538e-01
   1.560000e-01   6.338657e-01
   1.570000e-01   6.349567e-01
   1.580000e-01   6.360268e-01
   1.590000e-01   6.370763e-01
   1.600000e-01   6.381054e-01
   1.610000e-01   6.391144e-01
   1.620000e-01   6.401033e-01
   1.630000e-01   6.410725e-01
   1.640000e-01   6.420221e-01
   1.650000e-01   6.429522e-01
   1.660000e-01   6.438632e-01
   1.670000e-01   6.447551e-01
   1.680000e-01   6.456283e-01
   1.690000e-01   6.464828e-01
   1.700000e-01   6.473188e-01
   1.710000e-01   6.481366e-01
   1.720000e-01   6.489363e-01
   1.730000e-01   6.497180e-01
   1.740000e-01   6.504821e-01
   1.750000e-01   6.512286e-01
   1.760000e-01   6.519577e-01
   1.770000e-01   6.526696e-01
   1.780000e-01   6.533645e-01
   1.790000e-01   6.540425e-01
   1.800000e-01   6.547038e-01
   1.810000e-01   6.553486e-01
   1.820000e-01   6.559770e-01
   1.830000e-01   6.565893e-01
   1.840000e-01   6.571855e-01
   1.850000e-01   6.577658e-01
   1.860000e-01   6.583303e-01
   1.870000e-01   6.588793e-01
   1.880000e-01   6.594129e-01
   1.890000e-01   6.599313e-01
   1.900000e-01   6.604345e-01
   1.910000e-01   6.609228e-01
   1.920000e-01   6.613962e-01
   1.930000e-01   6.618550e-01
   1.940000e-01   6.622993e-01
   1.950000e-01   6.627293e-01
   1.960000e-01   6.631450e-01
   1.970000e-01   6.635466e-01
   1.980000e-01   6.639342e-01
   1.990000e-01   6.643081e-01
   2.000000e-01   6.646683e-01
   2.010000e-01   6.650149e-01
   2.020000e-01   6.653482e-01
   2.030000e-01   6.656681e-01
   2.040000e-01   6.659750e-01
   2.050000e-01   6.662689e-01
   2.060000e-01   6.665498e-01
   2.070000e-01   6.668181e-01
   2.080000e-01   6.670737e-01
   2.090000e-01   6.673168e-01
   2.100000e-01   6.675475e-01
   2.110000e-01   6.677660e-01
   2.120000e-01   6.679724e-01
   2.130000e-01   6.681668e-01
   2.140000e-01   6.683493e-01
   2.150000e-01   6.685200e-01
   2.160000e-01   6.686791e-01
   2.170000e-01   6.688267e-01
   2.180000e-01   6.689628e-01
   2.190000e-01   6.690876e-01
   2.200000e-01   6.692013e-01
   2.210000e-01   6.693038e-01
   2.220000e-01   6.693954e-01
   2.230000e-01   6.694761e-01
   2.240000e-01   6.695461e-01
   2.250000e-01   6.696054e-01
   2.260000e-01   6.696542e-01
   2.270000e-01   6.696925e-01
   2.280000e-01   6.697206e-01
   2.290000e-01   6.697384e-01
   2.300000e-01   6.697460e-01
   2.310000e-01   6.697437e-01
   2.320000e-01   6.697314e-01
   2.330000e-01   6.697093e-01
   2.340000e-01   6.696774e-01
   2.350000e-01   6.696359e-01
   2.360000e-01   6.695849e-01
   2.370000e-01   6.695245e-01
   2.380000e-01   6.694546e-01
   2.390000e-01   6.693756e-01
   2.400000e-01   6.692874e-01
   2.410000e-01   6.691901e-01
   2.420000e-01   6.690838e-01
   2.430000e-01   6.689686e-01
   2.440000e-01   6.688447e-01
   2.450000e-01   6.687120e-01
   2.460000e-01   6.685706e-01
   2.470000e-01   6.684208e-01
   2.480000e-01   6.682625e-01
   2.490000e-01   6.680958e-01
   2.500000e-01   6.679208e-01
   2.510000e-01   6.677376e-01
   2.520000e-01   6.675463e-01
   2.530000e-01   6.673469e-01
   2.540000e-01   6.671396e-01
   2.550000e-01   6.669244e-01
   2.560000e-01   6.667013e-01
   2.570000e-01   6.664706e-01
   2.580000e-01   6.662322e-01
   2.590000e-01   6.659862e-01
   2.600000e-01   6.657327e-01
   2.610000e-01   6.654718e-01
   2.620000e-01   6.652035e-01
   2.630000e-01   6.649279e-01
   2.640000e-01   6.646452e-01
   2.650000e-01   6.643553e-01
   2.660000e-01   6.640583e-01
   2.670000e-01   6.637544e-01
   2.680000e-01   6.634435e-01
   2.690000e-01   6.631257e-01
   2.700000e-01   6.628012e-01
   2.710000e-01   6.624700e-01
   2.720000e-01   6.621321e-01
   2.730000e-01   6.617876e-01
   2.740000e-01   6.614366e-01
   2.750000e-01   6.610791e-01
   2.760000e-01   6.607153e-01
   2.770000e-01   6.603451e-01
   2.780000e-01   6.599686e-01
   2.790000e-01   6.595860e-01
   2.800000e-01   6.591972e-01
   2.810000e-01   6.588023e-01
   2.820000e-01   6.584014e-01
   2.830000e-01   6.579945e-01
   2.840000e-01   6.575817e-01
   2.850000e-01   6.571631e-01
   2.860000e-01   6.567388e-01
   2.870000e-01   6.563086e-01
   2.880000e-01   6.558728e-01
   2.890000e-01   6.554314e-01
   2.900000e-01   6.549845e-01
   2.910000e-01   6.545320e-01
   2.920000e-01   6.540741e-01
   2.930000e-01   6.536108e-01
   2.940000e-01   6.531422e-01
   2.950000e-01   6.526682e-01
   2.960000e-01   6.521891e-01
   2.970000e-01   6.517047e-01
   2.980000e-01   6.512153e-01
   2.990000e-01   6.507207e-01
   3.000000e-01   6.502211e-01
   3.010000e-01   6.497166e-01
   3.020000e-01   6.492071e-01
   3.030000e-01   6.486927e-01
   3.040000e-01   6.481735e-01
   3.050000e-01   6.476495e-01
   3.060000e-01   6.471208e-01
   3.070000e-01   6.465874e-01
   3.080000e-01   6.460493e-01
   3.090000e-01   6.455067e-01
   3.100000e-01   6.449595e-01
   3.110000e-01   6.444078e-01
   3.120000e-01   6.438516e-01
   3.130000e-01   6.432911e-01
   3.140000e-01   6.427261e-01
   3.150000e-01   6.421568e-01
   3.160000e-01   6.415833e-01
   3.170000e-01   6.410055e-01
   3.180000e-01   6.404234e-01
   3.190000e-01   6.398373e-01
   3.200000e-01   6.392470e-01
   3.210000e-01   6.386526e-01
   3.220000e-01   6.380542e-01
   3.230000e-01   6.374519e-01
   3.240000e-01   6.368455e-01
   3.250000e-01   6.362352e-01
   3.260000e-01   6.356211e-01
   3.270000e-01   6.350031e-01
   3.280000e-01   6.343813e-01
   3.290000e-01   6.337558e-01
   3.300000e-01   6.331265e-01
   3.310000e-01   6.324936e-01
   3.320000e-01   6.318570e-01
   3.330000e-01   6.312168e-01
   3.340000e-01   6.305730e-01
   3.350000e-01   6.299256e-01
   3.360000e-01   6.292748e-01
   3.370000e-01   6.286204e-01
   3.380000e-01   6.279627e-01
   3.390000e-01   6.273015e-01
   3.400000e-01   6.266369e-01
   3.410000e-01   6.259691e-01
   3.420000e-01   6.252979e-01
   3.430000e-01   6.246234e-01
   3.440000e-01   6.239457e-01
   3.450000e-01   6.232648e-01
   3.460000e-01   6.225808e-01
   3.470000e-01   6.218935e-01
   3.480000e-01   6.212032e-01
   3.490000e-01   6.205098e-01
   3.500000e-01   6.198133e-01
   3.510000e-01   6.191139e-01
   3.520000e-01   6.184114e-01
   3.530000e-01   6.177060e-01
   3.540000e-01   6.169976e-01
   3.550000e-01   6.162863e-01
   3.560000e-01   6.155722e-01
   3.570000e-01   6.148552e-01
   3.580000e-01   6.141354e-01
   3.590000e-01   6.134129e-01
   3.600000e-01   6.126875e-01
   3.610000e-01   6.119594e-01
   3.620000e-01   6.112287e-01
   3.630000e-01   6.104952e-01
   3.640000e-01   6.097591e-01
   3.650000e-01   6.090204e-01
   3.660000e-01   6.082790e-01
   3.670000e-01   6.075351e-01
   3.680000e-01   6.067887e-01
   3.690000e-01   6.060397e-01
   3.700000e-01   6.052882e-01
   3.710000e-01   6.045343e-01
   3.720000e-01   6.037779e-01
   3.730000e-01   6.030191e-01
   3.740000e-01   6.022579e-01
   3.750000e-01   6.014943e-01
   3.760000e-01   6.007283e-01
   3.770000e-01   5.999601e-01
   3.780000e-01   5.991895e-01
   3.790000e-01   5.984166e-01
   3.800000e-01   5.976415e-01
   3.810000e-01   5.968641e-01
   3.820000e-01   5.960846e-01
   3.830000e-01   5.953028e-01
   3.840000e-01   5.945189e-01
   3.850000e-01   5.937328e-01
   3.860000e-01   5.929446e-01
   3.870000e-01   5.921543e-01
   3.880000e-01   5.913619e-01
   3.890000e-01   5.905674e-01
   3.900000e-01   5.897709e-01
   3.910000e-01   5.889723e-01
   3.920000e-01   5.881718e-01
   3.930000e-01   5.873693e-01
   3.940000e-01   5.865648e-01
   3.950000e-01   5.857583e-01
   3.960000e-01   5.849500e-01
   3.970000e-01   5.841397e-01
   3.980000e-01   5.833276e-01
   3.990000e-01   5.825135e-01
   4.000000e-01   5.816977e-01
   4.010000e-01   5.808800e-01
   4.020000e-01   5.800605e-01
   4.030000e-01   5.792391e-01
   4.040000e-01   5.784160e-01
   4.050000e-01   5.775912e-01
   4.060000e-01   5.767646e-01
   4.070000e-01   5.759363e-01
   4.080000e-01   5.751063e-01
   4.090000e-01   5.742745e-01
   4.100000e-01   5.734412e-01
   4.110000e-01   5.726061e-01
   4.120000e-01   5.717694e-01
   4.130000e-01   5.709311e-01
   4.140000e-01   5.700912e-01
   4.150000e-01   5.692497e-01
   4.160000e-01   5.684066e-01
   4.170000e-01   5.675619e-01
   4.180000e-01   5.667157e-01
   4.190000e-01   5.658680e-01
   4.200000e-01   5.650188e-01
   4.210000e-01   5.641680e-01
   4.220000e-01   5.633158e-01
   4.230000e-01   5.624621e-01
   4.240000e-01   5.616070e-01
   4.250000e-01   5.607504e-01
   4.260000e-01   5.598924e-01
   4.270000e-01   5.590329e-01
   4.280000e-01   5.581721e-01
   4.290000e-01   5.573099e-01
   4.300000e-01   5.564463e-01
   4.310000e-01   5.555814e-01
   4.320000e-01   5.547151e-01
   4.330000e-01   5.538475e-01
   4.340000e-01   5.529786e-01
   4.350000e-01   5.521083e-01
   4.360000e-01   5.512368e-01
   4.370000e-01   5.503640e-01
   4.380000e-01   5.494899e-01
   4.390000e-01   5.486146e-01
   4.400000e-01   5.477381e-01
   4.410000e-01   5.468603e-01
   4.420000e-01   5.459813e-01
   4.430000e-01   5.451011e-01
   4.440000e-01   5.442197e-01
   4.450000e-01   5.433371e-01
   4.460000e-01   5.424534e-01
   4.470000e-01   5.415685e-01
   4.480000e-01   5.406824e-01
   4.490000e-01   5.397952e-01
   4.500000e-01   5.389069e-01
   4.510000e-01   5.380175e-01
   4.520000e-01   5.371270e-01
   4.530000e-01   5.362354e-01
   4.540000e-01   5.353427e-01
   4.550000e-01   5.344490e-01
   4.560000e-01   5.335542e-01
   4.570000e-01   5.326583e-01
   4.580000e-01   5.317615e-01
   4.590000e-01   5.308636e-01
   4.600000e-01   5.299646e-01
   4.610000e-01   5.290647e-01
   4.620000e-01   5.281638e-01
   4.630000e-01   5.272619e-01
   4.640000e-01   5.263590e-01
   4.650000e-01   5.254551e-01
   4.660000e-01   5.245503e-01
   4.670000e-01   5.236446e-01
   4.680000e-01   5.227379e-01
   4.690000e-01   5.218303e-01
   4.700000e-01   5.209217e-01
   4.710000e-01   5.200123e-01
   4.720000e-01   5.191019e-01
   4.730000e-01   5.181907e-01
   4.740000e-01   5.172786e-01
   4.750000e-01   5.163656e-01
   4.760000e-01   5.154517e-01
   4.770000e-01   5.145370e-01
   4.780000e-01   5.136214e-01
   4.790000e-01   5.127050e-01
   4.800000e-01   5.117878e-01
   4.810000e-01   5.108697e-01
   4.820000e-01   5.099508e-01
   4.830000e-01   5.090312e-01
   4.840000e-01   5.081107e-01
   4.850000e-01   5.071894e-01
   4.860000e-01   5.062674e-01
   4.870000e-01   5.053445e-01
   4.880000e-01   5.044209e-01
   4.890000e-01   5.034966e-01
   4.900000e-01   5.025715e-01
   4.910000e-01   5.016456e-01
   4.920000e-01   5.007190e-01
   4.930000e-01   4.997917e-01
   4.940000e-01   4.988637e-01
   4.950000e-01   4.979349e-01
   4.960000e-01   4.970054e-01
   4.970000e-01   4.960753e-01
   4.980000e-01   4.951444e-01
   4.990000e-01   4.942129e-01
   5.000000e-01   4.932806e-01
   5.010000e-01   4.923477e-01
   5.020000e-01   4.914142e-01
   5.030000e-01   4.904799e-01
   5.040000e-01   4.895451e-01
   5.050000e-01   4.886095e-01
   5.060000e-01   4.876733e-01
   5.070000e-01   4.867365e-01
   5.080000e-01   4.857991e-01
   5.090000e-01   4.848610e-01
   5.100000e-01   4.839224e-01
   5.110000e-01   4.829831e-01
   5.120000e-01   4.820432e-01
   5.130000e-01   4.811027e-01
   5.140000e-01   4.801616e-01
   5.150000e-01   4.792200e-01
   5.160000e-01   4.782777e-01
   5.170000e-01   4.773349e-01
   5.180000e-01   4.763915e-01
   5.190000e-01   4.754476e-01
   5.200000e-01   4.745031e-01
   5.210000e-01   4.735580e-01
   5.220000e-01   4.726124e-01
   5.230000e-01   4.716663e-01
   5.240000e-01   4.707196e-01
   5.250000e-01   4.697724e-01
   5.260000e-01   4.688247e-01
   5.270000e-01   4.678764e-01
   5.280000e-01   4.669276e-01
   5.290000e-01   4.659784e-01
   5.300000e-01   4.650286e-01
   5.310000e-01   4.640783e-01
   5.320000e-01   4.631275e-01
   5.330000e-01   4.621763e-01
   5.340000e-01   4.612245e-01
   5.350000e-01   4.602723e-01
   5.360000e-01   4.593196e-01
   5.370000e-01   4.583664e-01
   5.380000e-01   4.574128e-01
   5.390000e-01   4.564587e-01
   5.400000e-01   4.555041e-01
   5.410000e-01   4.545491e-01
   5.420000e-01   4.535937e-01
   5.430000e-01   4.526378e-01
   5.440000e-01   4.516815e-01
   5.450000e-01   4.507247e-01
   5.460000e-01   4.497675e-01
   5.470000e-01   4.488099e-01
   5.480000e-01   4.478518e-01
   5.490000e-01   4.468934e-01
   5.500000e-01   4.459345e-01
   5.510000e-01   4.449752e-01
   5.520000e-01   4.440155e-01
   5.530000e-01   4.430554e-01
   5.540000e-01   4.420949e-01
   5.550000e-01   4.411341e-01
   5.560000e-01   4.401728e-01
   5.570000e-01   4.392111e-01
   5.580000e-01   4.382491e-01
   5.590000e-01   4.372867e-01
   5.600000e-01   4.363239e-01
   5.610000e-01   4.353608e-01
   5.620000e-01   4.343973e-01
   5.630000e-01   4.334334e-01
   5.640000e-01   4.324691e-01
   5.650000e-01   4.315045e-01
   5.660000e-01   4.305396e-01
   5.670000e-01   4.295743e-01
   5.680000e-01   4.286087e-01
   5.690000e-01   4.276427e-01
   5.700000e-01   4.266764e-01
   5.710000e-01   4.257097e-01
   5.720000e-01   4.247427e-01
   5.730000e-01   4.237754e-01
   5.740000e-01   4.228078e-01
   5.750000e-01   4.218398e-01
   5.760000e-01   4.208715e-01
   5.770000e-01   4.199029e-01
   5.780000e-01   4.189340e-01
   5.790000e-01   4.179648e-01
   5.800000e-01   4.169953e-01
   5.810000e-01   4.160255e-01
   5.820000e-01   4.150554e-01
   5.830000e-01   4.140849e-01
   5.840000e-01   4.131142e-01
   5.850000e-01   4.121432e-01
   5.860000e-01   4.111719e-01
   5.870000e-01   4.102004e-01
   5.880000e-01   4.092285e-01
   5.890000e-01   4.082564e-01
   5.900000e-01   4.072839e-01
   5.910000e-01   4.063113e-01
   5.920000e-01   4.053383e-01
   5.930000e-01   4.043651e-01
   5.940000e-01   4.033916e-01
   5.950000e-01   4.024178e-01
   5.960000e-01   4.014438e-01
   5.970000e-01   4.004695e-01
   5.980000e-01   3.994950e-01
   5.990000e-01   3.985202e-01
   6.000000e-01   3.975452e-01
   6.010000e-01   3.965699e-01
   6.020000e-01   3.955944e-01
   6.030000e-01   3.946186e-01
   6.040000e-01   3.936426e-01
   6.050000e-01   3.926663e-01
   6.060000e-01   3.916898e-01
   6.070000e-01   3.907131e-01
   6.080000e-01   3.897362e-01
   6.090000e-01   3.887590e-01
   6.100000e-01   3.877816e-01
   6.110000e-01   3.868040e-01
   6.120000e-01   3.858261e-01
   6.130000e-01   3.848480e-01
   6.140000e-01   3.838698e-01
   6.150000e-01   3.828912e-01
   6.160000e-01   3.819125e-01
   6.170000e-01   3.809336e-01
   6.180000e-01   3.799545e-01
   6.190000e-01   3.789751e-01
   6.200000e-01   3.779956e-01
   6.210000e-01   3.770158e-01
   6.220000e-01   3.760359e-01
   6.230000e-01   3.750557e-01
   6.240000e-01   3.740754e-01
   6.250000e-01   3.730948e-01
   6.260000e-01   3.721141e-01
   6.270000e-01   3.711331e-01
   6.280000e-01   3.701520e-01
   6.290000e-01   3.691707e-01
   6.300000e-01   3.681892e-01
   6.310000e-01   3.672076e-01
   6.320000e-01   3.662257e-01
   6.330000e-01   3.652437e-01
   6.340000e-01   3.642614e-01
   6.350000e-01   3.632791e-01
   6.360000e-01   3.622965e-01
   6.370000e-01   3.613137e-01
   6.380000e-01   3.603308e-01
   6.390000e-01   3.593478e-01
   6.400000e-01   3.583645e-01
   6.410000e-01   3.573811e-01
   6.420000e-01   3.563975e-01
   6.430000e-01   3.554138e-01
   6.440000e-01   3.544299e-01
   6.450000e-01   3.534458e-01
   6.460000e-01   3.524616e-01
   6.470000e-01   3.514772e-01
   6.480000e-01   3.504927e-01
   6.490000e-01   3.495080e-01
   6.500000e-01   3.485232e-01
   6.510000e-01   3.475382e-01
   6.520000e-01   3.465530e-01
   6.530000e-01   3.455678e-01
   6.540000e-01   3.445823e-01
   6.550000e-01   3.435968e-01
   6.560000e-01   3.426110e-01
   6.570000e-01   3.416252e-01
   6.580000e-01   3.406392e-01
   6.590000e-01   3.396530e-01
   6.600000e-01   3.386668e-01
   6.610000e-01   3.376804e-01
   6.620000e-01   3.366938e-01
   6.630000e-01   3.357071e-01
   6.640000e-01   3.347203e-01
   6.650000e-01   3.337334e-01
   6.660000e-01   3.327463e-01
   6.670000e-01   3.317591e-01
   6.680000e-01   3.307718e-01
   6.690000e-01   3.297843e-01
   6.700000e-01   3.287968e-01
   6.710000e-01   3.278091e-01
   6.720000e-01   3.268212e-01
   6.730000e-01   3.258333e-01
   6.740000e-01   3.248452e-01
   6.750000e-01   3.238571e-01
   6.760000e-01   3.228688e-01
   6.770000e-01   3.218804e-01
   6.780000e-01   3.208918e-01
   6.790000e-01   3.199032e-01
   6.800000e-01   3.189144e-01
   6.810000e-01   3.179256e-01
   6.820000e-01   3.169366e-01
   6.830000e-01   3.159475e-01
   6.840000e-01   3.149583e-01
   6.850000e-01   3.139690e-01
   6.860000e-01   3.129796e-01
   6.870000e-01   3.119901e-01
   6.880000e-01   3.110005e-01
   6.890000e-01   3.100108e-01
   6.900000e-01   3.090210e-01
   6.910000e-01   3.080310e-01
   6.920000e-01   3.070410e-01
   6.930000e-01   3.060509e-01
   6.940000e-01   3.050607e-01
   6.950000e-01   3.040704e-01
   6.960000e-01   3.030800e-01
   6.970000e-01   3.020895e-01
   6.980000e-01   3.010989e-01
   6.990000e-01   3.001082e-01
   7.000000e-01   2.991174e-01
   7.010000e-01   2.981265e-01
   7.020000e-01   2.971356e-01
   7.030000e-01   2.961445e-01
   7.040000e-01   2.951534e-01
   7.050000e-01   2.941621e-01
   7.060000e-01   2.931708e-01
   7.070000e-01   2.921794e-01
   7.080000e-01   2.911879e-01
   7.090000e-01   2.901964e-01
   7.100000e-01   2.892047e-01
   7.110000e-01   2.882130e-01
   7.120000e-01   2.872212e-01
   7.130000e-01   2.862293e-01
   7.140000e-01   2.852373e-01
   7.150000e-01   2.842452e-01
   7.160000e-01   2.832531e-01
   7.170000e-01   2.822609e-01
   7.180000e-01   2.812686e-01
   7.190000e-01   2.802762e-01
   7.200000e-01   2.792838e-01
   7.210000e-01   2.782913e-01
   7.220000e-01   2.772987e-01
   7.230000e-01   2.763060e-01
   7.240000e-01   2.753133e-01
   7.250000e-01   2.743205e-01
   7.260000e-01   2.733276e-01
   7.270000e-01   2.723346e-01
   7.280000e-01   2.713416e-01
   7.290000e-01   2.703485e-01
   7.300000e-01   2.693554e-01
   7.310000e-01   2.683621e-01
   7.320000e-01   2.673688e-01
   7.330000e-01   2.663755e-01
   7.340000e-01   2.653821e-01
   7.350000e-01   2.643886e-01
   7.360000e-01   2.633950e-01
   7.370000e-01   2.624014e-01
   7.380000e-01   2.614077e-01
   7.390000e-01   2.604140e-01
   7.400000e-01   2.594202e-01
   7.410000e-01   2.584263e-01
   7.420000e-01   2.574324e-01
   7.430000e-01   2.564384e-01
   7.440000e-01   2.554444e-01
   7.450000e-01   2.544503e-01
   7.460000e-01   2.534561e-01
   7.470000e-01   2.524619e-01
   7.480000e-01   2.514676e-01
   7.490000e-01   2.504733e-01
   7.500000e-01   2.494789e-01
   7.510000e-01   2.484844e-01
   7.520000e-01   2.474899e-01
   7.530000e-01   2.464954e-01
   7.540000e-01   2.455008e-01
   7.550000e-01   2.445061e-01
   7.560000e-01   2.435114e-01
   7.570000e-01   2.425167e-01
   7.580000e-01   2.415218e-01
   7.590000e-01   2.405270e-01
   7.600000e-01   2.395321e-01
   7.610000e-01   2.385371e-01
   7.620000e-01   2.375421e-01
   7.630000e-01   2.365470e-01
   7.640000e-01   2.355519e-01
   7.650000e-01   2.345567e-01
   7.660000e-01   2.335615e-01
   7.670000e-01   2.325663e-01
   7.680000e-01   2.315710e-01
   7.690000e-01   2.305756e-01
   7.700000e-01   2.295802e-01
   7.710000e-01   2.285848e-01
   7.720000e-01   2.275893e-01
   7.730000e-01   2.265938e-01
   7.740000e-01   2.255982e-01
   7.750000e-01   2.246026e-01
   7.760000e-01   2.236069e-01
   7.770000e-01   2.226112e-01
   7.780000e-01   2.216155e-01
   7.790000e-01   2.206197e-01
   7.800000e-01   2.196238e-01
   7.810000e-01   2.186280e-01
   7.820000e-01   2.176321e-01
   7.830000e-01   2.166361e-01
   7.840000e-01   2.156401e-01
   7.850000e-01   2.146441e-01
   7.860000e-01   2.136480e-01
   7.870000e-01   2.126519e-01
   7.880000e-01   2.116558e-01
   7.890000e-01   2.106596e-01
   7.900000e-01   2.096634e-01
   7.910000e-01   2.086671e-01
   7.920000e-01   2.076708e-01
   7.930000e-01   2.066745e-01
   7.940000e-01   2.056781e-01
   7.950000e-01   2.046817e-01
   7.960000e-01   2.036853e-01
   7.970000e-01   2.026888e-01
   7.980000e-01   2.016923e-01
   7.990000e-01   2.006958e-01
   8.000000e-01   1.996992e-01
   8.010000e-01   1.987026e-01
   8.020000e-01   1.977059e-01
   8.030000e-01   1.967093e-01
   8.040000e-01   1.957126e-01
   8.050000e-01   1.947158e-01
   8.060000e-01   1.937191e-01
   8.070000e-01   1.927222e-01
   8.080000e-01   1.917254e-01
   8.090000e-01   1.907285e-01
   8.100000e-01   1.897317e-01
   8.110000e-01   1.887347e-01
   8.120000e-01   1.877378e-01
   8.130000e-01   1.867408e-01
   8.140000e-01   1.857438e-01
   8.150000e-01   1.847467e-01
   8.160000e-01   1.837497e-01
   8.170000e-01   1.827526e-01
   8.180000e-01   1.817554e-01
   8.190000e-01   1.807583e-01
   8.200000e-01   1.797611e-01
   8.210000e-01   1.787639e-01
   8.220000e-01   1.777666e-01
   8.230000e-01   1.767694e-01
   8.240000e-01   1.757721e-01
   8.250000e-01   1.747747e-01
   8.260000e-01   1.737774e-01
   8.270000e-01   1.727800e-01
   8.280000e-01   1.717826e-01
   8.290000e-01   1.707852e-01
   8.300000e-01   1.697878e-01
   8.310000e-01   1.687903e-01
   8.320000e-01   1.677928e-01
   8.330000e-01   1.667953e-01
   8.340000e-01   1.657977e-01
   8.350000e-01   1.648001e-01
   8.360000e-01   1.638025e-01
   8.370000e-01   1.628049e-01
   8.380000e-01   1.618073e-01
   8.390000e-01   1.608096e-01
   8.400000e-01   1.598119e-01
   8.410000e-01   1.588142e-01
   8.420000e-01   1.578165e-01
   8.430000e-01   1.568187e-01
   8.440000e-01   1.558210e-01
   8.450000e-01   1.548232e-01
   8.460000e-01   1.538254e-01
   8.470000e-01   1.528275e-01
   8.480000e-01   1.518297e-01
   8.490000e-01   1.508318e-01
   8.500000e-01   1.498339e-01
   8.510000e-01   1.488360e-01
   8.520000e-01   1.478380e-01
   8.530000e-01   1.468400e-01
   8.540000e-01   1.458421e-01
   8.550000e-01   1.448441e-01
   8.560000e-01   1.438460e-01
   8.570000e-01   1.428480e-01
   8.580000e-01   1.418499e-01
   8.590000e-01   1.408519e-01
   8.600000e-01   1.398538e-01
   8.610000e-01   1.388557e-01
   8.620000e-01   1.378575e-01
   8.630000e-01   1.368594e-01
   8.640000e-01   1.358612e-01
   8.650000e-01   1.348630e-01
   8.660000e-01   1.338648e-01
   8.670000e-01   1.328666e-01
   8.680000e-01   1.318684e-01
   8.690000e-01   1.308701e-01
   8.700000e-01   1.298718e-01
   8.710000e-01   1.288735e-01
   8.720000e-01   1.278752e-01
   8.730000e-01   1.268769e-01
   8.740000e-01   1.258786e-01
   8.750000e-01   1.248802e-01
   8.760000e-01   1.238819e-01
   8.770000e-01   1.228835e-01
   8.780000e-01   1.218851e-01
   8.790000e-01   1.208867e-01
   8.800000e-01   1.198882e-01
   8.810000e-01   1.188898e-01
   8.820000e-01   1.178913e-01
   8.830000e-01   1.168928e-01
   8.840000e-01   1.158943e-01
   8.850000e-01   1.148958e-01
   8.860000e-01   1.138973e-01
   8.870000e-01   1.128988e-01
   8.880000e-01   1.119002e-01
   8.890000e-01   1.109017e-01
   8.900000e-01   1.099031e-01
   8.910000e-01   1.089045e-01
   8.920000e-01   1.079059e-01
   8.930000e-01   1.069073e-01
   8.940000e-01   1.059087e-01
   8.950000e-01   1.049100e-01
   8.960000e-01   1.039114e-01
   8.970000e-01   1.029127e-01
   8.980000e-01   1.019140e-01
   8.990000e-01   1.009153e-01
   9.000000e-01   9.991662e-02
   9.010000e-01   9.891790e-02
   9.020000e-01   9.791917e-02
   9.030000e-01   9.692043e-02
   9.040000e-01   9.592167e-02
   9.050000e-01   9.492290e-02
   9.060000e-01   9.392413e-02
   9.070000e-01   9.292534e-02
   9.080000e-01   9.192654e-02
   9.090000e-01   9.092772e-02
   9.100000e-01   8.992890e-02
   9.110000e-01   8.893006e-02
   9.120000e-01   8.793122e-02
   9.130000e-01   8.693236e-02
   9.140000e-01   8.593349e-02
   9.150000e-01   8.493461e-02
   9.160000e-01   8.393572e-02
   9.170000e-01   8.293682e-02
   9.180000e-01   8.193791e-02
   9.190000e-01   8.093899e-02
   9.200000e-01   7.994006e-02
   9.210000e-01   7.894112e-02
   9.220000e-01   7.794217e-02
   9.230000e-01   7.694321e-02
   9.240000e-01   7.594424e-02
   9.250000e-01   7.494526e-02
   9.260000e-01   7.394627e-02
   9.270000e-01   7.294727e-02
   9.280000e-01   7.194826e-02
   9.290000e-01   7.094924e-02
   9.300000e-01   6.995021e-02
   9.310000e-01   6.895118e-02
   9.320000e-01   6.795213e-02
   9.330000e-01   6.695308e-02
   9.340000e-01   6.595401e-02
   9.350000e-01   6.495494e-02
   9.360000e-01   6.395586e-02
   9.370000e-01   6.295677e-02
   9.380000e-01   6.195767e-02
   9.390000e-01   6.095857e-02
   9.400000e-01   5.995945e-02
   9.410000e-01   5.896033e-02
   9.420000e-01   5.796120e-02
   9.430000e-01   5.696206e-02
   9.440000e-01   5.596291e-02
   9.450000e-01   5.496376e-02
   9.460000e-01   5.396459e-02
   9.470000e-01   5.296542e-02
   9.480000e-01   5.196624e-02
   9.490000e-01   5.096706e-02
   9.500000e-01   4.996786e-02
   9.510000e-01   4.896866e-02
   9.520000e-01   4.796945e-02
   9.530000e-01   4.697024e-02
   9.540000e-01   4.597101e-02
   9.550000e-01   4.497178e-02
   9.560000e-01   4.397254e-02
   9.570000e-01   4.297330e-02
   9.580000e-01   4.197405e-02
   9.590000e-01   4.097479e-02
   9.600000e-01   3.997552e-02
   9.610000e-01   3.897625e-02
   9.620000e-01   3.797697e-02
   9.630000e-01   3.697768e-02
   9.640000e-01   3.597839e-02
   9.650000e-01   3.497909e-02
   9.660000e-01   3.397979e-02
   9.670000e-01   3.298048e-02
   9.680000e-01   3.198116e-02
   9.690000e-01   3.098183e-02
   9.700000e-01   2.998250e-02
   9.710000e-01   2.898317e-02
   9.720000e-01   2.798383e-02
   9.730000e-01   2.698448e-02
   9.740000e-01   2.598512e-02
   9.750000e-01   2.498576e-02
   9.760000e-01   2.398640e-02
   9.770000e-01   2.298702e-02
   9.780000e-01   2.198765e-02
   9.790000e-01   2.098826e-02
   9.800000e-01   1.998887e-02
   9.810000e-01   1.898948e-02
   9.820000e-01   1.799008e-02
   9.830000e-01   1.699067e-02
   9.840000e-01   1.599126e-02
   9.850000e-01   1.499185e-02
   9.860000e-01   1.399243e-02
   9.870000e-01   1.299300e-02
   9.880000e-01   1.199357e-02
   9.890000e-01   1.099413e-02
   9.900000e-01   9.994688e-03
   9.910000e-01   8.995241e-03
   9.920000e-01   7.995789e-03
   9.930000e-01   6.996332e-03
   9.940000e-01   5.996870e-03
   9.950000e-01   4.997404e-03
   9.960000e-01   3.997932e-03
   9.970000e-01   2.998456e-03
   9.980000e-01   1.998975e-03
   9.990000e-01   9.994900e-04
