   1.000000e-03  -7.127350e+00  -5.079183e+00
   2.000000e-03  -6.828729e+00  -5.079183e+00
   3.000000e-03  -6.655044e+00  -5.079183e+00
   4.000000e-03  -6.532508e+00  -5.079183e+00
   5.000000e-03  -6.437999e+00  -5.079183e+00
   6.000000e-03  -6.361216e+00  -5.079183e+00
   7.000000e-03  -6.296664e+00  -5.079183e+00
   8.000000e-03  -6.241065e+00  -5.079183e+00
   9.000000e-03  -6.192302e+00  -5.079183e+00
   1.000000e-02  -6.148932e+00  -5.079183e+00
   1.100000e-02  -6.109924e+00  -5.079183e+00
   1.200000e-02  -6.074518e+00  -5.079183e+00
   1.300000e-02  -6.042135e+00  -5.079183e+00
   1.400000e-02  -6.012327e+00  -5.079183e+00
   1.500000e-02  -5.984738e+00  -5.079183e+00
   1.600000e-02  -5.959080e+00  -5.079183e+00
   1.700000e-02  -5.935120e+00  -5.079183e+00
   1.800000e-02  -5.912663e+00  -5.079183e+00
   1.900000e-02  -5.891545e+00  -5.079183e+00
   2.000000e-02  -5.871629e+00  -5.079183e+00
   2.100000e-02  -5.852798e+00  -5.079183e+00
   2.200000e-02  -5.834950e+00  -5.079183e+00
   2.300000e-02  -5.817998e+00  -5.079183e+00
   2.400000e-02  -5.801865e+00  -5.079183e+00
   2.500000e-02  -5.786484e+00  -5.079183e+00
   2.600000e-02  -5.771795e+00  -5.079183e+00
   2.700000e-02  -5.757747e+00  -5.079183e+00
   2.800000e-02  -5.744293e+00  -5.079183e+00
   2.900000e-02  -5.731390e+00  -5.079183e+00
   3.000000e-02  -5.719001e+00  -5.079183e+00
   3.100000e-02  -5.707092e+00  -5.079183e+00
   3.200000e-02  -5.695633e+00  -5.079183e+00
   3.300000e-02  -5.684596e+00  -5.079183e+00
   3.400000e-02  -5.673955e+00  -5.079183e+00
   3.500000e-02  -5.663687e+00  -5.079183e+00
   3.600000e-02  -5.653771e+00  -5.079183e+00
   3.700000e-02  -5.644188e+00  -5.079183e+00
   3.800000e-02  -5.634919e+00  -5.079183e+00
   3.900000e-02  -5.625949e+00  -5.079183e+00
   4.000000e-02  -5.617262e+00  -5.079183e+00
   4.100000e-02  -5.608844e+00  -5.079183e+00
   4.200000e-02  -5.600682e+00  -5.079183e+00
   4.300000e-02  -5.592763e+00  -5.079183e+00
   4.400000e-02  -5.585077e+00  -5.079183e+00
   4.500000e-02  -5.577612e+00  -5.079183e+00
   4.600000e-02  -5.570360e+00  -5.079183e+00
   4.700000e-02  -5.563310e+00  -5.079183e+00
   4.800000e-02  -5.556454e+00  -5.079183e+00
   4.900000e-02  -5.549784e+00  -5.079183e+00
   5.000000e-02  -5.543293e+00  -5.079183e+00
   5.100000e-02  -5.536972e+00  -5.079183e+00
   5.200000e-02  -5.530816e+00  -5.079183e+00
   5.300000e-02  -5.524819e+00  -5.079183e+00
   5.400000e-02  -5.518973e+00  -5.079183e+00
   5.500000e-02  -5.513273e+00  -5.079183e+00
   5.600000e-02  -5.507715e+00  -5.079183e+00
   5.700000e-02  -5.502293e+00  -5.079183e+00
   5.800000e-02  -5.497002e+00  -5.079183e+00
   5.900000e-02  -5.491837e+00  -5.079183e+00
   6.000000e-02  -5.486794e+00  -5.079183e+00
   6.100000e-02  -5.481870e+00  -5.079183e+00
   6.200000e-02  -5.477060e+00  -5.079183e+00
   6.300000e-02  -5.472360e+00  -5.079183e+00
   6.400000e-02  -5.467768e+00  -5.079183e+00
   6.500000e-02  -5.463278e+00  -5.079183e+00
   6.600000e-02  -5.458889e+00  -5.079183e+00
   6.700000e-02  -5.454598e+00  -5.079183e+00
   6.800000e-02  -5.450400e+00  -5.079183e+00
   6.900000e-02  -5.446294e+00  -5.079183e+00
   7.000000e-02  -5.442277e+00  -5.079183e+00
   7.100000e-02  -5.438345e+00  -5.079183e+00
   7.200000e-02  -5.434498e+00  -5.079183e+00
   7.300000e-02  -5.430731e+00  -5.079183e+00
   7.400000e-02  -5.427044e+00  -5.079183e+00
   7.500000e-02  -5.423434e+00  -5.079183e+00
   7.600000e-02  -5.419898e+00  -5.079183e+00
   7.700000e-02  -5.416435e+00  -5.079183e+00
   7.800000e-02  -5.413042e+00  -5.079183e+00
   7.900000e-02  -5.409719e+00  -5.079183e+00
   8.000000e-02  -5.406463e+00  -5.079183e+00
   8.100000e-02  -5.403272e+00  -5.079183e+00
   8.200000e-02  -5.400144e+00  -5.079183e+00
   8.300000e-02  -5.397079e+00  -5.079183e+00
   8.400000e-02  -5.394075e+00  -5.079183e+00
   8.500000e-02  -5.391130e+00  -5.079183e+00
   8.600000e-02  -5.388242e+00  -5.079183e+00
   8.700000e-02  -5.385410e+00  -5.079183e+00
   8.800000e-02  -5.382634e+00  -5.079183e+00
   8.900000e-02  -5.379911e+00  -5.079183e+00
   9.000000e-02  -5.377241e+00  -5.079183e+00
   9.100000e-02  -5.374621e+00  -5.079183e+00
   9.200000e-02  -5.372052e+00  -5.079183e+00
   9.300000e-02  -5.369531e+00  -5.079183e+00
   9.400000e-02  -5.367059e+00  -5.079183e+00
   9.500000e-02  -5.364633e+00  -5.079183e+00
   9.600000e-02  -5.362253e+00  -5.079183e+00
   9.700000e-02  -5.359917e+00  -5.079183e+00
   9.800000e-02  -5.357626e+00  -5.079183e+00
   9.900000e-02  -5.355377e+00  -5.079183e+00
   1.000000e-01  -5.353170e+00  -5.079183e+00
   1.010000e-01  -5.351004e+00  -5.079183e+00
   1.020000e-01  -5.348878e+00  -5.079183e+00
   1.030000e-01  -5.346791e+00  -5.079183e+00
   1.040000e-01  -5.344744e+00  -5.079183e+00
   1.050000e-01  -5.342734e+00  -5.079183e+00
   1.060000e-01  -5.340760e+00  -5.079183e+00
   1.070000e-01  -5.338824e+00  -5.079183e+00
   1.080000e-01  -5.336922e+00  -5.079183e+00
   1.090000e-01  -5.335056e+00  -5.079183e+00
   1.100000e-01  -5.333224e+00  -5.079183e+00
   1.110000e-01  -5.331425e+00  -5.079183e+00
   1.120000e-01  -5.329659e+00  -5.079183e+00
   1.130000e-01  -5.327926e+00  -5.079183e+00
   1.140000e-01  -5.326224e+00  -5.079183e+00
   1.150000e-01  -5.324553e+00  -5.079183e+00
   1.160000e-01  -5.322913e+00  -5.079183e+00
   1.170000e-01  -5.321303e+00  -5.079183e+00
   1.180000e-01  -5.319722e+00  -5.079183e+00
   1.190000e-01  -5.318170e+00  -5.079183e+00
   1.200000e-01  -5.316646e+00  -5.079183e+00
   1.210000e-01  -5.315151e+00  -5.079183e+00
   1.220000e-01  -5.313682e+00  -5.079183e+00
   1.230000e-01  -5.312241e+00  -5.079183e+00
   1.240000e-01  -5.310826e+00  -5.079183e+00
   1.250000e-01  -5.309436e+00  -5.079183e+00
   1.260000e-01  -5.308073e+00  -5.079183e+00
   1.270000e-01  -5.306734e+00  -5.079183e+00
   1.280000e-01  -5.305420e+00  -5.079183e+00
   1.290000e-01  -5.304130e+00  -5.079183e+00
   1.300000e-01  -5.302864e+00  -5.079183e+00
   1.310000e-01  -5.301622e+00  -5.079183e+00
   1.320000e-01  -5.300402e+00  -5.079183e+00
   1.330000e-01  -5.299206e+00  -5.079183e+00
   1.340000e-01  -5.298031e+00  -5.079183e+00
   1.350000e-01  -5.296879e+00  -5.079183e+00
   1.360000e-01  -5.295748e+00  -5.079183e+00
   1.370000e-01  -5.294638e+00  -5.079183e+00
   1.380000e-01  -5.293549e+00  -5.079183e+00
   1.390000e-01  -5.292481e+00  -5.079183e+00
   1.400000e-01  -5.291433e+00  -5.079183e+00
   1.410000e-01  -5.290405e+00  -5.079183e+00
   1.420000e-01  -5.289397e+00  -5.079183e+00
   1.430000e-01  -5.288408e+00  -5.079183e+00
   1.440000e-01  -5.287438e+00  -5.079183e+00
   1.450000e-01  -5.286486e+00  -5.079183e+00
   1.460000e-01  -5.285553e+00  -5.079183e+00
   1.470000e-01  -5.284639e+00  -5.079183e+00
   1.480000e-01  -5.283742e+00  -5.079183e+00
   1.490000e-01  -5.282863e+00  -5.079183e+00
   1.500000e-01  -5.282001e+00  -5.079183e+00
   1.510000e-01  -5.281157e+00  -5.079183e+00
   1.520000e-01  -5.280329e+00  -5.079183e+00
   1.530000e-01  -5.279518e+00  -5.079183e+00
   1.540000e-01  -5.278723e+00  -5.079183e+00
   1.550000e-01  -5.277945e+00  -5.079183e+00
   1.560000e-01  -5.277183e+00  -5.079183e+00
   1.570000e-01  -5.276436e+00  -5.079183e+00
   1.580000e-01  -5.275704e+00  -5.079183e+00
   1.590000e-01  -5.274988e+00  -5.079183e+00
   1.600000e-01  -5.274287e+00  -5.079183e+00
   1.610000e-01  -5.273601e+00  -5.079183e+00
   1.620000e-01  -5.272930e+00  -5.079183e+00
   1.630000e-01  -5.272273e+00  -5.079183e+00
   1.640000e-01  -5.271630e+00  -5.079183e+00
   1.650000e-01  -5.271001e+00  -5.079183e+00
   1.660000e-01  -5.270386e+00  -5.079183e+00
   1.670000e-01  -5.269785e+00  -5.079183e+00
   1.680000e-01  -5.269197e+00  -5.079183e+00
   1.690000e-01  -5.268623e+00  -5.079183e+00
   1.700000e-01  -5.268062e+00  -5.079183e+00
   1.710000e-01  -5.267513e+00  -5.079183e+00
   1.720000e-01  -5.266978e+00  -5.079183e+00
   1.730000e-01  -5.266455e+00  -5.079183e+00
   1.740000e-01  -5.265944e+00  -5.079183e+00
   1.750000e-01  -5.265446e+00  -5.079183e+00
   1.760000e-01  -5.264960e+00  -5.079183e+00
   1.770000e-01  -5.264486e+00  -5.079183e+00
   1.780000e-01  -5.264024e+00  -5.079183e+00
   1.790000e-01  -5.263574e+00  -5.079183e+00
   1.800000e-01  -5.263135e+00  -5.079183e+00
   1.810000e-01  -5.262707e+00  -5.079183e+00
   1.820000e-01  -5.262291e+00  -5.079183e+00
   1.830000e-01  -5.261886e+00  -5.079183e+00
   1.840000e-01  -5.261492e+00  -5.079183e+00
   1.850000e-01  -5.261109e+00  -5.079183e+00
   1.860000e-01  -5.260736e+00  -5.079183e+00
   1.870000e-01  -5.260374e+00  -5.079183e+00
   1.880000e-01  -5.260022e+00  -5.079183e+00
   1.890000e-01  -5.259681e+00  -5.079183e+00
   1.900000e-01  -5.259350e+00  -5.079183e+00
   1.910000e-01  -5.259029e+00  -5.079183e+00
   1.920000e-01  -5.258718e+00  -5.079183e+00
   1.930000e-01  -5.258417e+00  -5.079183e+00
   1.940000e-01  -5.258125e+00  -5.079183e+00
   1.950000e-01  -5.257844e+00  -5.079183e+00
   1.960000e-01  -5.257571e+00  -5.079183e+00
   1.970000e-01  -5.257308e+00  -5.079183e+00
   1.980000e-01  -5.257055e+00  -5.079183e+00
   1.990000e-01  -5.256810e+00  -5.079183e+00
   2.000000e-01  -5.256575e+00  -5.079183e+00
   2.010000e-01  -5.256348e+00  -5.079183e+00
   2.020000e-01  -5.256131e+00  -5.079183e+00
   2.030000e-01  -5.255922e+00  -5.079183e+00
   2.040000e-01  -5.255722e+00  -5.079183e+00
   2.050000e-01  -5.255530e+00  -5.079183e+00
   2.060000e-01  -5.255347e+00  -5.079183e+00
   2.070000e-01  -5.255172e+00  -5.079183e+00
   2.080000e-01  -5.255006e+00  -5.079183e+00
   2.090000e-01  -5.254848e+00  -5.079183e+00
   2.100000e-01  -5.254698e+00  -5.079183e+00
   2.110000e-01  -5.254555e+00  -5.079183e+00
   2.120000e-01  -5.254421e+00  -5.079183e+00
   2.130000e-01  -5.254295e+00  -5.079183e+00
   2.140000e-01  -5.254176e+00  -5.079183e+00
   2.150000e-01  -5.254065e+00  -5.079183e+00
   2.160000e-01  -5.253962e+00  -5.079183e+00
   2.170000e-01  -5.253866e+00  -5.079183e+00
   2.180000e-01  -5.253778e+00  -5.079183e+00
   2.190000e-01  -5.253697e+00  -5.079183e+00
   2.200000e-01  -5.253623e+00  -5.079183e+00
   2.210000e-01  -5.253557e+00  -5.079183e+00
   2.220000e-01  -5.253497e+00  -5.079183e+00
   2.230000e-01  -5.253445e+00  -5.079183e+00
   2.240000e-01  -5.253399e+00  -5.079183e+00
   2.250000e-01  -5.253361e+00  -5.079183e+00
   2.260000e-01  -5.253329e+00  -5.079183e+00
   2.270000e-01  -5.253304e+00  -5.079183e+00
   2.280000e-01  -5.253286e+00  -5.079183e+00
   2.290000e-01  -5.253275e+00  -5.079183e+00
   2.300000e-01  -5.253270e+00  -5.079183e+00
   2.310000e-01  -5.253271e+00  -5.079183e+00
   2.320000e-01  -5.253279e+00  -5.079183e+00
   2.330000e-01  -5.253293e+00  -5.079183e+00
   2.340000e-01  -5.253314e+00  -5.079183e+00
   2.350000e-01  -5.253341e+00  -5.079183e+00
   2.360000e-01  -5.253374e+00  -5.079183e+00
   2.370000e-01  -5.253413e+00  -5.079183e+00
   2.380000e-01  -5.253459e+00  -5.079183e+00
   2.390000e-01  -5.253510e+00  -5.079183e+00
   2.400000e-01  -5.253567e+00  -5.079183e+00
   2.410000e-01  -5.253630e+00  -5.079183e+00
   2.420000e-01  -5.253699e+00  -5.079183e+00
   2.430000e-01  -5.253774e+00  -5.079183e+00
   2.440000e-01  -5.253855e+00  -5.079183e+00
   2.450000e-01  -5.253941e+00  -5.079183e+00
   2.460000e-01  -5.254032e+00  -5.079183e+00
   2.470000e-01  -5.254130e+00  -5.079183e+00
   2.480000e-01  -5.254233e+00  -5.079183e+00
   2.490000e-01  -5.254341e+00  -5.079183e+00
   2.500000e-01  -5.254455e+00  -5.079183e+00
   2.510000e-01  -5.254574e+00  -5.079183e+00
   2.520000e-01  -5.254698e+00  -5.079183e+00
   2.530000e-01  -5.254828e+00  -5.079183e+00
   2.540000e-01  -5.254963e+00  -5.079183e+00
   2.550000e-01  -5.255103e+00  -5.079183e+00
   2.560000e-01  -5.255248e+00  -5.079183e+00
   2.570000e-01  -5.255399e+00  -5.079183e+00
   2.580000e-01  -5.255554e+00  -5.079183e+00
   2.590000e-01  -5.255715e+00  -5.079183e+00
   2.600000e-01  -5.255880e+00  -5.079183e+00
   2.610000e-01  -5.256050e+00  -5.079183e+00
   2.620000e-01  -5.256225e+00  -5.079183e+00
   2.630000e-01  -5.256405e+00  -5.079183e+00
   2.640000e-01  -5.256590e+00  -5.079183e+00
   2.650000e-01  -5.256779e+00  -5.079183e+00
   2.660000e-01  -5.256974e+00  -5.079183e+00
   2.670000e-01  -5.257172e+00  -5.079183e+00
   2.680000e-01  -5.257376e+00  -5.079183e+00
   2.690000e-01  -5.257584e+00  -5.079183e+00
   2.700000e-01  -5.257796e+00  -5.079183e+00
   2.710000e-01  -5.258014e+00  -5.079183e+00
   2.720000e-01  -5.258235e+00  -5.079183e+00
   2.730000e-01  -5.258461e+00  -5.079183e+00
   2.740000e-01  -5.258692e+00  -5.079183e+00
   2.750000e-01  -5.258926e+00  -5.079183e+00
   2.760000e-01  -5.259165e+00  -5.079183e+00
   2.770000e-01  -5.259409e+00  -5.079183e+00
   2.780000e-01  -5.259657e+00  -5.079183e+00
   2.790000e-01  -5.259908e+00  -5.079183e+00
   2.800000e-01  -5.260164e+00  -5.079183e+00
   2.810000e-01  -5.260425e+00  -5.079183e+00
   2.820000e-01  -5.260689e+00  -5.079183e+00
   2.830000e-01  -5.260958e+00  -5.079183e+00
   2.840000e-01  -5.261230e+00  -5.079183e+00
   2.850000e-01  -5.261507e+00  -5.079183e+00
   2.860000e-01  -5.261787e+00  -5.079183e+00
   2.870000e-01  -5.262072e+00  -5.079183e+00
   2.880000e-01  -5.262360e+00  -5.079183e+00
   2.890000e-01  -5.262653e+00  -5.079183e+00
   2.900000e-01  -5.262949e+00  -5.079183e+00
   2.910000e-01  -5.263249e+00  -5.079183e+00
   2.920000e-01  -5.263553e+00  -5.079183e+00
   2.930000e-01  -5.263861e+00  -5.079183e+00
   2.940000e-01  -5.264172e+00  -5.079183e+00
   2.950000e-01  -5.264487e+00  -5.079183e+00
   2.960000e-01  -5.264806e+00  -5.079183e+00
   2.970000e-01  -5.265129e+00  -5.079183e+00
   2.980000e-01  -5.265455e+00  -5.079183e+00
   2.990000e-01  -5.265785e+00  -5.079183e+00
   3.000000e-01  -5.266119e+00  -5.079183e+00
   3.010000e-01  -5.266456e+00  -5.079183e+00
   3.020000e-01  -5.266797e+00  -5.079183e+00
   3.030000e-01  -5.267141e+00  -5.079183e+00
   3.040000e-01  -5.267489e+00  -5.079183e+00
   3.050000e-01  -5.267840e+00  -5.079183e+00
   3.060000e-01  -5.268194e+00  -5.079183e+00
   3.070000e-01  -5.268553e+00  -5.079183e+00
   3.080000e-01  -5.268914e+00  -5.079183e+00
   3.090000e-01  -5.269279e+00  -5.079183e+00
   3.100000e-01  -5.269647e+00  -5.079183e+00
   3.110000e-01  -5.270019e+00  -5.079183e+00
   3.120000e-01  -5.270394e+00  -5.079183e+00
   3.130000e-01  -5.270772e+00  -5.079183e+00
   3.140000e-01  -5.271154e+00  -5.079183e+00
   3.150000e-01  -5.271539e+00  -5.079183e+00
   3.160000e-01  -5.271927e+00  -5.079183e+00
   3.170000e-01  -5.272318e+00  -5.079183e+00
   3.180000e-01  -5.272713e+00  -5.079183e+00
   3.190000e-01  -5.273110e+00  -5.079183e+00
   3.200000e-01  -5.273511e+00  -5.079183e+00
   3.210000e-01  -5.273915e+00  -5.079183e+00
   3.220000e-01  -5.274322e+00  -5.079183e+00
   3.230000e-01  -5.274732e+00  -5.079183e+00
   3.240000e-01  -5.275146e+00  -5.079183e+00
   3.250000e-01  -5.275562e+00  -5.079183e+00
   3.260000e-01  -5.275981e+00  -5.079183e+00
   3.270000e-01  -5.276404e+00  -5.079183e+00
   3.280000e-01  -5.276829e+00  -5.079183e+00
   3.290000e-01  -5.277258e+00  -5.079183e+00
   3.300000e-01  -5.277689e+00  -5.079183e+00
   3.310000e-01  -5.278124e+00  -5.079183e+00
   3.320000e-01  -5.278561e+00  -5.079183e+00
   3.330000e-01  -5.279001e+00  -5.079183e+00
   3.340000e-01  -5.279444e+00  -5.079183e+00
   3.350000e-01  -5.279891e+00  -5.079183e+00
   3.360000e-01  -5.280339e+00  -5.079183e+00
   3.370000e-01  -5.280791e+00  -5.079183e+00
   3.380000e-01  -5.281246e+00  -5.079183e+00
   3.390000e-01  -5.281703e+00  -5.079183e+00
   3.400000e-01  -5.282164e+00  -5.079183e+00
   3.410000e-01  -5.282627e+00  -5.079183e+00
   3.420000e-01  -5.283093e+00  -5.079183e+00
   3.430000e-01  -5.283562e+00  -5.079183e+00
   3.440000e-01  -5.284033e+00  -5.079183e+00
   3.450000e-01  -5.284507e+00  -5.079183e+00
   3.460000e-01  -5.284984e+00  -5.079183e+00
   3.470000e-01  -5.285464e+00  -5.079183e+00
   3.480000e-01  -5.285946e+00  -5.079183e+00
   3.490000e-01  -5.286431e+00  -5.079183e+00
   3.500000e-01  -5.286919e+00  -5.079183e+00
   3.510000e-01  -5.287409e+00  -5.079183e+00
   3.520000e-01  -5.287902e+00  -5.079183e+00
   3.530000e-01  -5.288398e+00  -5.079183e+00
   3.540000e-01  -5.288896e+00  -5.079183e+00
   3.550000e-01  -5.289397e+00  -5.079183e+00
   3.560000e-01  -5.289901e+00  -5.079183e+00
   3.570000e-01  -5.290407e+00  -5.079183e+00
   3.580000e-01  -5.290916e+00  -5.079183e+00
   3.590000e-01  -5.291427e+00  -5.079183e+00
   3.600000e-01  -5.291941e+00  -5.079183e+00
   3.610000e-01  -5.292457e+00  -5.079183e+00
   3.620000e-01  -5.292976e+00  -5.079183e+00
   3.630000e-01  -5.293498e+00  -5.079183e+00
   3.640000e-01  -5.294021e+00  -5.079183e+00
   3.650000e-01  -5.294548e+00  -5.079183e+00
   3.660000e-01  -5.295077e+00  -5.079183e+00
   3.670000e-01  -5.295608e+00  -5.079183e+00
   3.680000e-01  -5.296142e+00  -5.079183e+00
   3.690000e-01  -5.296679e+00  -5.079183e+00
   3.700000e-01  -5.297218e+00  -5.079183e+00
   3.710000e-01  -5.297759e+00  -5.079183e+00
   3.720000e-01  -5.298303e+00  -5.079183e+00
   3.730000e-01  -5.298849e+00  -5.079183e+00
   3.740000e-01  -5.299397e+00  -5.079183e+00
   3.750000e-01  -5.299948e+00  -5.079183e+00
   3.760000e-01  -5.300502e+00  -5.079183e+00
   3.770000e-01  -5.301057e+00  -5.079183e+00
   3.780000e-01  -5.301616e+00  -5.079183e+00
   3.790000e-01  -5.302176e+00  -5.079183e+00
   3.800000e-01  -5.302739e+00  -5.079183e+00
   3.810000e-01  -5.303304e+00  -5.079183e+00
   3.820000e-01  -5.303872e+00  -5.079183e+00
   3.830000e-01  -5.304442e+00  -5.079183e+00
   3.840000e-01  -5.305014e+00  -5.079183e+00
   3.850000e-01  -5.305589e+00  -5.079183e+00
   3.860000e-01  -5.306166e+00  -5.079183e+00
   3.870000e-01  -5.306745e+00  -5.079183e+00
   3.880000e-01  -5.307326e+00  -5.079183e+00
   3.890000e-01  -5.307910e+00  -5.079183e+00
   3.900000e-01  -5.308496e+00  -5.079183e+00
   3.910000e-01  -5.309085e+00  -5.079183e+00
   3.920000e-01  -5.309676e+00  -5.079183e+00
   3.930000e-01  -5.310269e+00  -5.079183e+00
   3.940000e-01  -5.310864e+00  -5.079183e+00
   3.950000e-01  -5.311461e+00  -5.079183e+00
   3.960000e-01  -5.312061e+00  -5.079183e+00
   3.970000e-01  -5.312663e+00  -5.079183e+00
   3.980000e-01  -5.313267e+00  -5.079183e+00
   3.990000e-01  -5.313874e+00  -5.079183e+00
   4.000000e-01  -5.314482e+00  -5.079183e+00
   4.010000e-01  -5.315093e+00  -5.079183e+00
   4.020000e-01  -5.315707e+00  -5.079183e+00
   4.030000e-01  -5.316322e+00  -5.079183e+00
   4.040000e-01  -5.316939e+00  -5.079183e+00
   4.050000e-01  -5.317559e+00  -5.079183e+00
   4.060000e-01  -5.318181e+00  -5.079183e+00
   4.070000e-01  -5.318805e+00  -5.079183e+00
   4.080000e-01  -5.319432e+00  -5.079183e+00
   4.090000e-01  -5.320060e+00  -5.079183e+00
   4.100000e-01  -5.320691e+00  -5.079183e+00
   4.110000e-01  -5.321324e+00  -5.079183e+00
   4.120000e-01  -5.321959e+00  -5.079183e+00
   4.130000e-01  -5.322596e+00  -5.079183e+00
   4.140000e-01  -5.323235e+00  -5.079183e+00
   4.150000e-01  -5.323877e+00  -5.079183e+00
   4.160000e-01  -5.324521e+00  -5.079183e+00
   4.170000e-01  -5.325167e+00  -5.079183e+00
   4.180000e-01  -5.325815e+00  -5.079183e+00
   4.190000e-01  -5.326465e+00  -5.079183e+00
   4.200000e-01  -5.327117e+00  -5.079183e+00
   4.210000e-01  -5.327771e+00  -5.079183e+00
   4.220000e-01  -5.328428e+00  -5.079183e+00
   4.230000e-01  -5.329087e+00  -5.079183e+00
   4.240000e-01  -5.329747e+00  -5.079183e+00
   4.250000e-01  -5.330410e+00  -5.079183e+00
   4.260000e-01  -5.331075e+00  -5.079183e+00
   4.270000e-01  -5.331742e+00  -5.079183e+00
   4.280000e-01  -5.332412e+00  -5.079183e+00
   4.290000e-01  -5.333083e+00  -5.079183e+00
   4.300000e-01  -5.333757e+00  -5.079183e+00
   4.310000e-01  -5.334432e+00  -5.079183e+00
   4.320000e-01  -5.335110e+00  -5.079183e+00
   4.330000e-01  -5.335790e+00  -5.079183e+00
   4.340000e-01  -5.336471e+00  -5.079183e+00
   4.350000e-01  -5.337155e+00  -5.079183e+00
   4.360000e-01  -5.337842e+00  -5.079183e+00
   4.370000e-01  -5.338530e+00  -5.079183e+00
   4.380000e-01  -5.339220e+00  -5.079183e+00
   4.390000e-01  -5.339912e+00  -5.079183e+00
   4.400000e-01  -5.340607e+00  -5.079183e+00
   4.410000e-01  -5.341303e+00  -5.079183e+00
   4.420000e-01  -5.342002e+00  -5.079183e+00
   4.430000e-01  -5.342703e+00  -5.079183e+00
   4.440000e-01  -5.343406e+00  -5.079183e+00
   4.450000e-01  -5.344110e+00  -5.079183e+00
   4.460000e-01  -5.344817e+00  -5.079183e+00
   4.470000e-01  -5.345526e+00  -5.079183e+00
   4.480000e-01  -5.346238e+00  -5.079183e+00
   4.490000e-01  -5.346951e+00  -5.079183e+00
   4.500000e-01  -5.347666e+00  -5.079183e+00
   4.510000e-01  -5.348383e+00  -5.079183e+00
   4.520000e-01  -5.349103e+00  -5.079183e+00
   4.530000e-01  -5.349824e+00  -5.079183e+00
   4.540000e-01  -5.350548e+00  -5.079183e+00
   4.550000e-01  -5.351274e+00  -5.079183e+00
   4.560000e-01  -5.352001e+00  -5.079183e+00
   4.570000e-01  -5.352731e+00  -5.079183e+00
   4.580000e-01  -5.353463e+00  -5.079183e+00
   4.590000e-01  -5.354197e+00  -5.079183e+00
   4.600000e-01  -5.354933e+00  -5.079183e+00
   4.610000e-01  -5.355671e+00  -5.079183e+00
   4.620000e-01  -5.356411e+00  -5.079183e+00
   4.630000e-01  -5.357153e+00  -5.079183e+00
   4.640000e-01  -5.357898e+00  -5.079183e+00
   4.650000e-01  -5.358644e+00  -5.079183e+00
   4.660000e-01  -5.359393e+00  -5.079183e+00
   4.670000e-01  -5.360143e+00  -5.079183e+00
   4.680000e-01  -5.360896e+00  -5.079183e+00
   4.690000e-01  -5.361651e+00  -5.079183e+00
   4.700000e-01  -5.362407e+00  -5.079183e+00
   4.710000e-01  -5.363166e+00  -5.079183e+00
   4.720000e-01  -5.363927e+00  -5.079183e+00
   4.730000e-01  -5.364690e+00  -5.079183e+00
   4.740000e-01  -5.365455e+00  -5.079183e+00
   4.750000e-01  -5.366223e+00  -5.079183e+00
   4.760000e-01  -5.366992e+00  -5.079183e+00
   4.770000e-01  -5.367763e+00  -5.079183e+00
   4.780000e-01  -5.368537e+00  -5.079183e+00
   4.790000e-01  -5.369312e+00  -5.079183e+00
   4.800000e-01  -5.370090e+00  -5.079183e+00
   4.810000e-01  -5.370870e+00  -5.079183e+00
   4.820000e-01  -5.371651e+00  -5.079183e+00
   4.830000e-01  -5.372435e+00  -5.079183e+00
   4.840000e-01  -5.373221e+00  -5.079183e+00
   4.850000e-01  -5.374010e+00  -5.079183e+00
   4.860000e-01  -5.374800e+00  -5.079183e+00
   4.870000e-01  -5.375592e+00  -5.079183e+00
   4.880000e-01  -5.376387e+00  -5.079183e+00
   4.890000e-01  -5.377183e+00  -5.079183e+00
   4.900000e-01  -5.377982e+00  -5.079183e+00
   4.910000e-01  -5.378783e+00  -5.079183e+00
   4.920000e-01  -5.379586e+00  -5.079183e+00
   4.930000e-01  -5.380391e+00  -5.079183e+00
   4.940000e-01  -5.381198e+00  -5.079183e+00
   4.950000e-01  -5.382007e+00  -5.079183e+00
   4.960000e-01  -5.382819e+00  -5.079183e+00
   4.970000e-01  -5.383632e+00  -5.079183e+00
   4.980000e-01  -5.384448e+00  -5.079183e+00
   4.990000e-01  -5.385266e+00  -5.079183e+00
   5.000000e-01  -5.386086e+00  -5.079183e+00
   5.010000e-01  -5.386908e+00  -5.079183e+00
   5.020000e-01  -5.387732e+00  -5.079183e+00
   5.030000e-01  -5.388559e+00  -5.079183e+00
   5.040000e-01  -5.389387e+00  -5.079183e+00
   5.050000e-01  -5.390218e+00  -5.079183e+00
   5.060000e-01  -5.391051e+00  -5.079183e+00
   5.070000e-01  -5.391886e+00  -5.079183e+00
   5.080000e-01  -5.392723e+00  -5.079183e+00
   5.090000e-01  -5.393562e+00  -5.079183e+00
   5.100000e-01  -5.394404e+00  -5.079183e+00
   5.110000e-01  -5.395248e+00  -5.079183e+00
   5.120000e-01  -5.396094e+00  -5.079183e+00
   5.130000e-01  -5.396942e+00  -5.079183e+00
   5.140000e-01  -5.397792e+00  -5.079183e+00
   5.150000e-01  -5.398645e+00  -5.079183e+00
   5.160000e-01  -5.399500e+00  -5.079183e+00
   5.170000e-01  -5.400357e+00  -5.079183e+00
   5.180000e-01  -5.401216e+00  -5.079183e+00
   5.190000e-01  -5.402077e+00  -5.079183e+00
   5.200000e-01  -5.402941e+00  -5.079183e+00
   5.210000e-01  -5.403807e+00  -5.079183e+00
   5.220000e-01  -5.404675e+00  -5.079183e+00
   5.230000e-01  -5.405545e+00  -5.079183e+00
   5.240000e-01  -5.406417e+00  -5.079183e+00
   5.250000e-01  -5.407292e+00  -5.079183e+00
   5.260000e-01  -5.408169e+00  -5.079183e+00
   5.270000e-01  -5.409049e+00  -5.079183e+00
   5.280000e-01  -5.409930e+00  -5.079183e+00
   5.290000e-01  -5.410814e+00  -5.079183e+00
   5.300000e-01  -5.411700e+00  -5.079183e+00
   5.310000e-01  -5.412589e+00  -5.079183e+00
   5.320000e-01  -5.413479e+00  -5.079183e+00
   5.330000e-01  -5.414372e+00  -5.079183e+00
   5.340000e-01  -5.415267e+00  -5.079183e+00
   5.350000e-01  -5.416165e+00  -5.079183e+00
   5.360000e-01  -5.417065e+00  -5.079183e+00
   5.370000e-01  -5.417967e+00  -5.079183e+00
   5.380000e-01  -5.418871e+00  -5.079183e+00
   5.390000e-01  -5.419778e+00  -5.079183e+00
   5.400000e-01  -5.420687e+00  -5.079183e+00
   5.410000e-01  -5.421599e+00  -5.079183e+00
   5.420000e-01  -5.422513e+00  -5.079183e+00
   5.430000e-01  -5.423429e+00  -5.079183e+00
   5.440000e-01  -5.424348e+00  -5.079183e+00
   5.450000e-01  -5.425268e+00  -5.079183e+00
   5.460000e-01  -5.426192e+00  -5.079183e+00
   5.470000e-01  -5.427117e+00  -5.079183e+00
   5.480000e-01  -5.428045e+00  -5.079183e+00
   5.490000e-01  -5.428976e+00  -5.079183e+00
   5.500000e-01  -5.429909e+00  -5.079183e+00
   5.510000e-01  -5.430844e+00  -5.079183e+00
   5.520000e-01  -5.431782e+00  -5.079183e+00
   5.530000e-01  -5.432722e+00  -5.079183e+00
   5.540000e-01  -5.433664e+00  -5.079183e+00
   5.550000e-01  -5.434609e+00  -5.079183e+00
   5.560000e-01  -5.435557e+00  -5.079183e+00
   5.570000e-01  -5.436506e+00  -5.079183e+00
   5.580000e-01  -5.437459e+00  -5.079183e+00
   5.590000e-01  -5.438414e+00  -5.079183e+00
   5.600000e-01  -5.439371e+00  -5.079183e+00
   5.610000e-01  -5.440330e+00  -5.079183e+00
   5.620000e-01  -5.441293e+00  -5.079183e+00
   5.630000e-01  -5.442257e+00  -5.079183e+00
   5.640000e-01  -5.443225e+00  -5.079183e+00
   5.650000e-01  -5.444194e+00  -5.079183e+00
   5.660000e-01  -5.445167e+00  -5.079183e+00
   5.670000e-01  -5.446141e+00  -5.079183e+00
   5.680000e-01  -5.447119e+00  -5.079183e+00
   5.690000e-01  -5.448099e+00  -5.079183e+00
   5.700000e-01  -5.449081e+00  -5.079183e+00
   5.710000e-01  -5.450066e+00  -5.079183e+00
   5.720000e-01  -5.451054e+00  -5.079183e+00
   5.730000e-01  -5.452044e+00  -5.079183e+00
   5.740000e-01  -5.453037e+00  -5.079183e+00
   5.750000e-01  -5.454032e+00  -5.079183e+00
   5.760000e-01  -5.455030e+00  -5.079183e+00
   5.770000e-01  -5.456031e+00  -5.079183e+00
   5.780000e-01  -5.457034e+00  -5.079183e+00
   5.790000e-01  -5.458040e+00  -5.079183e+00
   5.800000e-01  -5.459049e+00  -5.079183e+00
   5.810000e-01  -5.460060e+00  -5.079183e+00
   5.820000e-01  -5.461074e+00  -5.079183e+00
   5.830000e-01  -5.462090e+00  -5.079183e+00
   5.840000e-01  -5.463110e+00  -5.079183e+00
   5.850000e-01  -5.464132e+00  -5.079183e+00
   5.860000e-01  -5.465156e+00  -5.079183e+00
   5.870000e-01  -5.466184e+00  -5.079183e+00
   5.880000e-01  -5.467214e+00  -5.079183e+00
   5.890000e-01  -5.468247e+00  -5.079183e+00
   5.900000e-01  -5.469282e+00  -5.079183e+00
   5.910000e-01  -5.470321e+00  -5.079183e+00
   5.920000e-01  -5.471362e+00  -5.079183e+00
   5.930000e-01  -5.472406e+00  -5.079183e+00
   5.940000e-01  -5.473453e+00  -5.079183e+00
   5.950000e-01  -5.474503e+00  -5.079183e+00
   5.960000e-01  -5.475555e+00  -5.079183e+00
   5.970000e-01  -5.476610e+00  -5.079183e+00
   5.980000e-01  -5.477668e+00  -5.079183e+00
   5.990000e-01  -5.478729e+00  -5.079183e+00
   6.000000e-01  -5.479793e+00  -5.079183e+00
   6.010000e-01  -5.480860e+00  -5.079183e+00
   6.020000e-01  -5.481930e+00  -5.079183e+00
   6.030000e-01  -5.483002e+00  -5.079183e+00
   6.040000e-01  -5.484078e+00  -5.079183e+00
   6.050000e-01  -5.485156e+00  -5.079183e+00
   6.060000e-01  -5.486237e+00  -5.079183e+00
   6.070000e-01  -5.487322e+00  -5.079183e+00
   6.080000e-01  -5.488409e+00  -5.079183e+00
   6.090000e-01  -5.489499e+00  -5.079183e+00
   6.100000e-01  -5.490593e+00  -5.079183e+00
   6.110000e-01  -5.491689e+00  -5.079183e+00
   6.120000e-01  -5.492788e+00  -5.079183e+00
   6.130000e-01  -5.493891e+00  -5.079183e+00
   6.140000e-01  -5.494996e+00  -5.079183e+00
   6.150000e-01  -5.496104e+00  -5.079183e+00
   6.160000e-01  -5.497216e+00  -5.079183e+00
   6.170000e-01  -5.498330e+00  -5.079183e+00
   6.180000e-01  -5.499448e+00  -5.079183e+00
   6.190000e-01  -5.500569e+00  -5.079183e+00
   6.200000e-01  -5.501693e+00  -5.079183e+00
   6.210000e-01  -5.502820e+00  -5.079183e+00
   6.220000e-01  -5.503951e+00  -5.079183e+00
   6.230000e-01  -5.505084e+00  -5.079183e+00
   6.240000e-01  -5.506221e+00  -5.079183e+00
   6.250000e-01  -5.507361e+00  -5.079183e+00
   6.260000e-01  -5.508504e+00  -5.079183e+00
   6.270000e-01  -5.509650e+00  -5.079183e+00
   6.280000e-01  -5.510800e+00  -5.079183e+00
   6.290000e-01  -5.511953e+00  -5.079183e+00
   6.300000e-01  -5.513109e+00  -5.079183e+00
   6.310000e-01  -5.514268e+00  -5.079183e+00
   6.320000e-01  -5.515431e+00  -5.079183e+00
   6.330000e-01  -5.516597e+00  -5.079183e+00
   6.340000e-01  -5.517767e+00  -5.079183e+00
   6.350000e-01  -5.518939e+00  -5.079183e+00
   6.360000e-01  -5.520116e+00  -5.079183e+00
   6.370000e-01  -5.521295e+00  -5.079183e+00
   6.380000e-01  -5.522478e+00  -5.079183e+00
   6.390000e-01  -5.523665e+00  -5.079183e+00
   6.400000e-01  -5.524855e+00  -5.079183e+00
   6.410000e-01  -5.526048e+00  -5.079183e+00
   6.420000e-01  -5.527245e+00  -5.079183e+00
   6.430000e-01  -5.528446e+00  -5.079183e+00
   6.440000e-01  -5.529649e+00  -5.079183e+00
   6.450000e-01  -5.530857e+00  -5.079183e+00
   6.460000e-01  -5.532068e+00  -5.079183e+00
   6.470000e-01  -5.533283e+00  -5.079183e+00
   6.480000e-01  -5.534501e+00  -5.079183e+00
   6.490000e-01  -5.535723e+00  -5.079183e+00
   6.500000e-01  -5.536948e+00  -5.079183e+00
   6.510000e-01  -5.538177e+00  -5.079183e+00
   6.520000e-01  -5.539410e+00  -5.079183e+00
   6.530000e-01  -5.540647e+00  -5.079183e+00
   6.540000e-01  -5.541887e+00  -5.079183e+00
   6.550000e-01  -5.543131e+00  -5.079183e+00
   6.560000e-01  -5.544378e+00  -5.079183e+00
   6.570000e-01  -5.545630e+00  -5.079183e+00
   6.580000e-01  -5.546885e+00  -5.079183e+00
   6.590000e-01  -5.548144e+00  -5.079183e+00
   6.600000e-01  -5.549407e+00  -5.079183e+00
   6.610000e-01  -5.550674e+00  -5.079183e+00
   6.620000e-01  -5.551945e+00  -5.079183e+00
   6.630000e-01  -5.553219e+00  -5.079183e+00
   6.640000e-01  -5.554498e+00  -5.079183e+00
   6.650000e-01  -5.555780e+00  -5.079183e+00
   6.660000e-01  -5.557067e+00  -5.079183e+00
   6.670000e-01  -5.558357e+00  -5.079183e+00
   6.680000e-01  -5.559651e+00  -5.079183e+00
   6.690000e-01  -5.560950e+00  -5.079183e+00
   6.700000e-01  -5.562252e+00  -5.079183e+00
   6.710000e-01  -5.563559e+00  -5.079183e+00
   6.720000e-01  -5.564869e+00  -5.079183e+00
   6.730000e-01  -5.566184e+00  -5.079183e+00
   6.740000e-01  -5.567503e+00  -5.079183e+00
   6.750000e-01  -5.568826e+00  -5.079183e+00
   6.760000e-01  -5.570154e+00  -5.079183e+00
   6.770000e-01  -5.571485e+00  -5.079183e+00
   6.780000e-01  -5.572821e+00  -5.079183e+00
   6.790000e-01  -5.574161e+00  -5.079183e+00
   6.800000e-01  -5.575506e+00  -5.079183e+00
   6.810000e-01  -5.576854e+00  -5.079183e+00
   6.820000e-01  -5.578207e+00  -5.079183e+00
   6.830000e-01  -5.579565e+00  -5.079183e+00
   6.840000e-01  -5.580927e+00  -5.079183e+00
   6.850000e-01  -5.582293e+00  -5.079183e+00
   6.860000e-01  -5.583664e+00  -5.079183e+00
   6.870000e-01  -5.585039e+00  -5.079183e+00
   6.880000e-01  -5.586419e+00  -5.079183e+00
   6.890000e-01  -5.587803e+00  -5.079183e+00
   6.900000e-01  -5.589192e+00  -5.079183e+00
   6.910000e-01  -5.590585e+00  -5.079183e+00
   6.920000e-01  -5.591983e+00  -5.079183e+00
   6.930000e-01  -5.593386e+00  -5.079183e+00
   6.940000e-01  -5.594794e+00  -5.079183e+00
   6.950000e-01  -5.596206e+00  -5.079183e+00
   6.960000e-01  -5.597623e+00  -5.079183e+00
   6.970000e-01  -5.599044e+00  -5.079183e+00
   6.980000e-01  -5.600471e+00  -5.079183e+00
   6.990000e-01  -5.601902e+00  -5.079183e+00
   7.000000e-01  -5.603338e+00  -5.079183e+00
   7.010000e-01  -5.604779e+00  -5.079183e+00
   7.020000e-01  -5.606225e+00  -5.079183e+00
   7.030000e-01  -5.607676e+00  -5.079183e+00
   7.040000e-01  -5.609132e+00  -5.079183e+00
   7.050000e-01  -5.610593e+00  -5.079183e+00
   7.060000e-01  -5.612059e+00  -5.079183e+00
   7.070000e-01  -5.613530e+00  -5.079183e+00
   7.080000e-01  -5.615006e+00  -5.079183e+00
   7.090000e-01  -5.616488e+00  -5.079183e+00
   7.100000e-01  -5.617974e+00  -5.079183e+00
   7.110000e-01  -5.619466e+00  -5.079183e+00
   7.120000e-01  -5.620963e+00  -5.079183e+00
   7.130000e-01  -5.622466e+00  -5.079183e+00
   7.140000e-01  -5.623973e+00  -5.079183e+00
   7.150000e-01  -5.625487e+00  -5.079183e+00
   7.160000e-01  -5.627005e+00  -5.079183e+00
   7.170000e-01  -5.628529e+00  -5.079183e+00
   7.180000e-01  -5.630059e+00  -5.079183e+00
   7.190000e-01  -5.631594e+00  -5.079183e+00
   7.200000e-01  -5.633134e+00  -5.079183e+00
   7.210000e-01  -5.634680e+00  -5.079183e+00
   7.220000e-01  -5.636232e+00  -5.079183e+00
   7.230000e-01  -5.637789e+00  -5.079183e+00
   7.240000e-01  -5.639353e+00  -5.079183e+00
   7.250000e-01  -5.640922e+00  -5.079183e+00
   7.260000e-01  -5.642496e+00  -5.079183e+00
   7.270000e-01  -5.644077e+00  -5.079183e+00
   7.280000e-01  -5.645663e+00  -5.079183e+00
   7.290000e-01  -5.647256e+00  -5.079183e+00
   7.300000e-01  -5.648854e+00  -5.079183e+00
   7.310000e-01  -5.650459e+00  -5.079183e+00
   7.320000e-01  -5.652069e+00  -5.079183e+00
   7.330000e-01  -5.653686e+00  -5.079183e+00
   7.340000e-01  -5.655308e+00  -5.079183e+00
   7.350000e-01  -5.656937e+00  -5.079183e+00
   7.360000e-01  -5.658572e+00  -5.079183e+00
   7.370000e-01  -5.660214e+00  -5.079183e+00
   7.380000e-01  -5.661861e+00  -5.079183e+00
   7.390000e-01  -5.663515e+00  -5.079183e+00
   7.400000e-01  -5.665176e+00  -5.079183e+00
   7.410000e-01  -5.666843e+00  -5.079183e+00
   7.420000e-01  -5.668517e+00  -5.079183e+00
   7.430000e-01  -5.670197e+00  -5.079183e+00
   7.440000e-01  -5.671883e+00  -5.079183e+00
   7.450000e-01  -5.673577e+00  -5.079183e+00
   7.460000e-01  -5.675277e+00  -5.079183e+00
   7.470000e-01  -5.676984e+00  -5.079183e+00
   7.480000e-01  -5.678698e+00  -5.079183e+00
   7.490000e-01  -5.680418e+00  -5.079183e+00
   7.500000e-01  -5.682146e+00  -5.079183e+00
   7.510000e-01  -5.683881e+00  -5.079183e+00
   7.520000e-01  -5.685622e+00  -5.079183e+00
   7.530000e-01  -5.687371e+00  -5.079183e+00
   7.540000e-01  -5.689127e+00  -5.079183e+00
   7.550000e-01  -5.690890e+00  -5.079183e+00
   7.560000e-01  -5.692660e+00  -5.079183e+00
   7.570000e-01  -5.694438e+00  -5.079183e+00
   7.580000e-01  -5.696223e+00  -5.079183e+00
   7.590000e-01  -5.698016e+00  -5.079183e+00
   7.600000e-01  -5.699816e+00  -5.079183e+00
   7.610000e-01  -5.701624e+00  -5.079183e+00
   7.620000e-01  -5.703439e+00  -5.079183e+00
   7.630000e-01  -5.705262e+00  -5.079183e+00
   7.640000e-01  -5.707093e+00  -5.079183e+00
   7.650000e-01  -5.708932e+00  -5.079183e+00
   7.660000e-01  -5.710778e+00  -5.079183e+00
   7.670000e-01  -5.712633e+00  -5.079183e+00
   7.680000e-01  -5.714496e+00  -5.079183e+00
   7.690000e-01  -5.716366e+00  -5.079183e+00
   7.700000e-01  -5.718245e+00  -5.079183e+00
   7.710000e-01  -5.720132e+00  -5.079183e+00
   7.720000e-01  -5.722028e+00  -5.079183e+00
   7.730000e-01  -5.723932e+00  -5.079183e+00
   7.740000e-01  -5.725844e+00  -5.079183e+00
   7.750000e-01  -5.727765e+00  -5.079183e+00
   7.760000e-01  -5.729695e+00  -5.079183e+00
   7.770000e-01  -5.731633e+00  -5.079183e+00
   7.780000e-01  -5.733580e+00  -5.079183e+00
   7.790000e-01  -5.735536e+00  -5.079183e+00
   7.800000e-01  -5.737500e+00  -5.079183e+00
   7.810000e-01  -5.739474e+00  -5.079183e+00
   7.820000e-01  -5.741457e+00  -5.079183e+00
   7.830000e-01  -5.743449e+00  -5.079183e+00
   7.840000e-01  -5.745450e+00  -5.079183e+00
   7.850000e-01  -5.747461e+00  -5.079183e+00
   7.860000e-01  -5.749481e+00  -5.079183e+00
   7.870000e-01  -5.751510e+00  -5.079183e+00
   7.880000e-01  -5.753550e+00  -5.079183e+00
   7.890000e-01  -5.755599e+00  -5.079183e+00
   7.900000e-01  -5.757657e+00  -5.079183e+00
   7.910000e-01  -5.759726e+00  -5.079183e+00
   7.920000e-01  -5.761804e+00  -5.079183e+00
   7.930000e-01  -5.763893e+00  -5.079183e+00
   7.940000e-01  -5.765992e+00  -5.079183e+00
   7.950000e-01  -5.768101e+00  -5.079183e+00
   7.960000e-01  -5.770220e+00  -5.079183e+00
   7.970000e-01  -5.772350e+00  -5.079183e+00
   7.980000e-01  -5.774490e+00  -5.079183e+00
   7.990000e-01  -5.776642e+00  -5.079183e+00
   8.000000e-01  -5.778803e+00  -5.079183e+00
   8.010000e-01  -5.780976e+00  -5.079183e+00
   8.020000e-01  -5.783160e+00  -5.079183e+00
   8.030000e-01  -5.785355e+00  -5.079183e+00
   8.040000e-01  -5.787561e+00  -5.079183e+00
   8.050000e-01  -5.789779e+00  -5.079183e+00
   8.060000e-01  -5.792007e+00  -5.079183e+00
   8.070000e-01  -5.794248e+00  -5.079183e+00
   8.080000e-01  -5.796500e+00  -5.079183e+00
   8.090000e-01  -5.798764e+00  -5.079183e+00
   8.100000e-01  -5.801040e+00  -5.079183e+00
   8.110000e-01  -5.803328e+00  -5.079183e+00
   8.120000e-01  -5.805628e+00  -5.079183e+00
   8.130000e-01  -5.807941e+00  -5.079183e+00
   8.140000e-01  -5.810266e+00  -5.079183e+00
   8.150000e-01  -5.812603e+00  -5.079183e+00
   8.160000e-01  -5.814953e+00  -5.079183e+00
   8.170000e-01  -5.817316e+00  -5.079183e+00
   8.180000e-01  -5.819692e+00  -5.079183e+00
   8.190000e-01  -5.822082e+00  -5.079183e+00
   8.200000e-01  -5.824484e+00  -5.079183e+00
   8.210000e-01  -5.826900e+00  -5.079183e+00
   8.220000e-01  -5.829330e+00  -5.079183e+00
   8.230000e-01  -5.831773e+00  -5.079183e+00
   8.240000e-01  -5.834230e+00  -5.079183e+00
   8.250000e-01  -5.836701e+00  -5.079183e+00
   8.260000e-01  -5.839187e+00  -5.079183e+00
   8.270000e-01  -5.841686e+00  -5.079183e+00
   8.280000e-01  -5.844201e+00  -5.079183e+00
   8.290000e-01  -5.846730e+00  -5.079183e+00
   8.300000e-01  -5.849273e+00  -5.079183e+00
   8.310000e-01  -5.851832e+00  -5.079183e+00
   8.320000e-01  -5.854407e+00  -5.079183e+00
   8.330000e-01  -5.856996e+00  -5.079183e+00
   8.340000e-01  -5.859601e+00  -5.079183e+00
   8.350000e-01  -5.862222e+00  -5.079183e+00
   8.360000e-01  -5.864859e+00  -5.079183e+00
   8.370000e-01  -5.867512e+00  -5.079183e+00
   8.380000e-01  -5.870182e+00  -5.079183e+00
   8.390000e-01  -5.872868e+00  -5.079183e+00
   8.400000e-01  -5.875571e+00  -5.079183e+00
   8.410000e-01  -5.878290e+00  -5.079183e+00
   8.420000e-01  -5.881027e+00  -5.079183e+00
   8.430000e-01  -5.883782e+00  -5.079183e+00
   8.440000e-01  -5.886554e+00  -5.079183e+00
   8.450000e-01  -5.889344e+00  -5.079183e+00
   8.460000e-01  -5.892152e+00  -5.079183e+00
   8.470000e-01  -5.894978e+00  -5.079183e+00
   8.480000e-01  -5.897823e+00  -5.079183e+00
   8.490000e-01  -5.900687e+00  -5.079183e+00
   8.500000e-01  -5.903570e+00  -5.079183e+00
   8.510000e-01  -5.906472e+00  -5.079183e+00
   8.520000e-01  -5.909394e+00  -5.079183e+00
   8.530000e-01  -5.912335e+00  -5.079183e+00
   8.540000e-01  -5.915297e+00  -5.079183e+00
   8.550000e-01  -5.918279e+00  -5.079183e+00
   8.560000e-01  -5.921282e+00  -5.079183e+00
   8.570000e-01  -5.924306e+00  -5.079183e+00
   8.580000e-01  -5.927351e+00  -5.079183e+00
   8.590000e-01  -5.930417e+00  -5.079183e+00
   8.600000e-01  -5.933506e+00  -5.079183e+00
   8.610000e-01  -5.936616e+00  -5.079183e+00
   8.620000e-01  -5.939749e+00  -5.079183e+00
   8.630000e-01  -5.942905e+00  -5.079183e+00
   8.640000e-01  -5.946084e+00  -5.079183e+00
   8.650000e-01  -5.949287e+00  -5.079183e+00
   8.660000e-01  -5.952513e+00  -5.079183e+00
   8.670000e-01  -5.955764e+00  -5.079183e+00
   8.680000e-01  -5.959039e+00  -5.079183e+00
   8.690000e-01  -5.962339e+00  -5.079183e+00
   8.700000e-01  -5.965665e+00  -5.079183e+00
   8.710000e-01  -5.969016e+00  -5.079183e+00
   8.720000e-01  -5.972393e+00  -5.079183e+00
   8.730000e-01  -5.975797e+00  -5.079183e+00
   8.740000e-01  -5.979228e+00  -5.079183e+00
   8.750000e-01  -5.982686e+00  -5.079183e+00
   8.760000e-01  -5.986172e+00  -5.079183e+00
   8.770000e-01  -5.989686e+00  -5.079183e+00
   8.780000e-01  -5.993229e+00  -5.079183e+00
   8.790000e-01  -5.996801e+00  -5.079183e+00
   8.800000e-01  -6.000403e+00  -5.079183e+00
   8.810000e-01  -6.004035e+00  -5.079183e+00
   8.820000e-01  -6.007698e+00  -5.079183e+00
   8.830000e-01  -6.011392e+00  -5.079183e+00
   8.840000e-01  -6.015118e+00  -5.079183e+00
   8.850000e-01  -6.018875e+00  -5.079183e+00
   8.860000e-01  -6.022666e+00  -5.079183e+00
   8.870000e-01  -6.026491e+00  -5.079183e+00
   8.880000e-01  -6.030349e+00  -5.079183e+00
   8.890000e-01  -6.034242e+00  -5.079183e+00
   8.900000e-01  -6.038170e+00  -5.079183e+00
   8.910000e-01  -6.042134e+00  -5.079183e+00
   8.920000e-01  -6.046135e+00  -5.079183e+00
   8.930000e-01  -6.050172e+00  -5.079183e+00
   8.940000e-01  -6.054248e+00  -5.079183e+00
   8.950000e-01  -6.058363e+00  -5.079183e+00
   8.960000e-01  -6.062517e+00  -5.079183e+00
   8.970000e-01  -6.066711e+00  -5.079183e+00
   8.980000e-01  -6.070946e+00  -5.079183e+00
   8.990000e-01  -6.075223e+00  -5.079183e+00
   9.000000e-01  -6.079542e+00  -5.079183e+00
   9.010000e-01  -6.083905e+00  -5.079183e+00
   9.020000e-01  -6.088312e+00  -5.079183e+00
   9.030000e-01  -6.092764e+00  -5.079183e+00
   9.040000e-01  -6.097263e+00  -5.079183e+00
   9.050000e-01  -6.101809e+00  -5.079183e+00
   9.060000e-01  -6.106403e+00  -5.079183e+00
   9.070000e-01  -6.111046e+00  -5.079183e+00
   9.080000e-01  -6.115739e+00  -5.079183e+00
   9.090000e-01  -6.120483e+00  -5.079183e+00
   9.100000e-01  -6.125281e+00  -5.079183e+00
   9.110000e-01  -6.130131e+00  -5.079183e+00
   9.120000e-01  -6.135037e+00  -5.079183e+00
   9.130000e-01  -6.139998e+00  -5.079183e+00
   9.140000e-01  -6.145017e+00  -5.079183e+00
   9.150000e-01  -6.150095e+00  -5.079183e+00
   9.160000e-01  -6.155233e+00  -5.079183e+00
   9.170000e-01  -6.160432e+00  -5.079183e+00
   9.180000e-01  -6.165695e+00  -5.079183e+00
   9.190000e-01  -6.171022e+00  -5.079183e+00
   9.200000e-01  -6.176415e+00  -5.079183e+00
   9.210000e-01  -6.181876e+00  -5.079183e+00
   9.220000e-01  -6.187407e+00  -5.079183e+00
   9.230000e-01  -6.193009e+00  -5.079183e+00
   9.240000e-01  -6.198685e+00  -5.079183e+00
   9.250000e-01  -6.204436e+00  -5.079183e+00
   9.260000e-01  -6.210264e+00  -5.079183e+00
   9.270000e-01  -6.216171e+00  -5.079183e+00
   9.280000e-01  -6.222159e+00  -5.079183e+00
   9.290000e-01  -6.228232e+00  -5.079183e+00
   9.300000e-01  -6.234391e+00  -5.079183e+00
   9.310000e-01  -6.240638e+00  -5.079183e+00
   9.320000e-01  -6.246977e+00  -5.079183e+00
   9.330000e-01  -6.253409e+00  -5.079183e+00
   9.340000e-01  -6.259939e+00  -5.079183e+00
   9.350000e-01  -6.266568e+00  -5.079183e+00
   9.360000e-01  -6.273299e+00  -5.079183e+00
   9.370000e-01  -6.280137e+00  -5.079183e+00
   9.380000e-01  -6.287085e+00  -5.079183e+00
   9.390000e-01  -6.294145e+00  -5.079183e+00
   9.400000e-01  -6.301322e+00  -5.079183e+00
   9.410000e-01  -6.308620e+00  -5.079183e+00
   9.420000e-01  -6.316042e+00  -5.079183e+00
   9.430000e-01  -6.323594e+00  -5.079183e+00
   9.440000e-01  -6.331279e+00  -5.079183e+00
   9.450000e-01  -6.339103e+00  -5.079183e+00
   9.460000e-01  -6.347071e+00  -5.079183e+00
   9.470000e-01  -6.355187e+00  -5.079183e+00
   9.480000e-01  -6.363458e+00  -5.079183e+00
   9.490000e-01  -6.371890e+00  -5.079183e+00
   9.500000e-01  -6.380489e+00  -5.079183e+00
   9.510000e-01  -6.389262e+00  -5.079183e+00
   9.520000e-01  -6.398215e+00  -5.079183e+00
   9.530000e-01  -6.407357e+00  -5.079183e+00
   9.540000e-01  -6.416696e+00  -5.079183e+00
   9.550000e-01  -6.426240e+00  -5.079183e+00
   9.560000e-01  -6.435998e+00  -5.079183e+00
   9.570000e-01  -6.445981e+00  -5.079183e+00
   9.580000e-01  -6.456199e+00  -5.079183e+00
   9.590000e-01  -6.466663e+00  -5.079183e+00
   9.600000e-01  -6.477386e+00  -5.079183e+00
   9.610000e-01  -6.488380e+00  -5.079183e+00
   9.620000e-01  -6.499659e+00  -5.079183e+00
   9.630000e-01  -6.511240e+00  -5.079183e+00
   9.640000e-01  -6.523138e+00  -5.079183e+00
   9.650000e-01  -6.535371e+00  -5.079183e+00
   9.660000e-01  -6.547959e+00  -5.079183e+00
   9.670000e-01  -6.560923e+00  -5.079183e+00
   9.680000e-01  -6.574286e+00  -5.079183e+00
   9.690000e-01  -6.588073e+00  -5.079183e+00
   9.700000e-01  -6.602312e+00  -5.079183e+00
   9.710000e-01  -6.617034e+00  -5.079183e+00
   9.720000e-01  -6.632273e+00  -5.079183e+00
   9.730000e-01  -6.648066e+00  -5.079183e+00
   9.740000e-01  -6.664455e+00  -5.079183e+00
   9.750000e-01  -6.681487e+00  -5.079183e+00
   9.760000e-01  -6.699215e+00  -5.079183e+00
   9.770000e-01  -6.717697e+00  -5.079183e+00
   9.780000e-01  -6.737001e+00  -5.079183e+00
   9.790000e-01  -6.757203e+00  -5.079183e+00
   9.800000e-01  -6.778391e+00  -5.079183e+00
   9.810000e-01  -6.800667e+00  -5.079183e+00
   9.820000e-01  -6.824147e+00  -5.079183e+00
   9.830000e-01  -6.848969e+00  -5.079183e+00
   9.840000e-01  -6.875297e+00  -5.079183e+00
   9.850000e-01  -6.903325e+00  -5.079183e+00
   9.860000e-01  -6.933287e+00  -5.079183e+00
   9.870000e-01  -6.965470e+00  -5.079183e+00
   9.880000e-01  -7.000231e+00  -5.079183e+00
   9.890000e-01  -7.038019e+00  -5.079183e+00
   9.900000e-01  -7.079411e+00  -5.079183e+00
   9.910000e-01  -7.125167e+00  -5.079183e+00
   9.920000e-01  -7.176318e+00  -5.079183e+00
   9.930000e-01  -7.234309e+00  -5.079183e+00
   9.940000e-01  -7.301255e+00  -5.079183e+00
   9.950000e-01  -7.380435e+00  -5.079183e+00
   9.960000e-01  -7.477344e+00  -5.079183e+00
   9.970000e-01  -7.602282e+00  -5.079183e+00
   9.980000e-01  -7.778372e+00  -5.079183e+00
   9.990000e-01  -8.079401e+00  -5.079183e+00
