              1.0000000000e-02             -4.1491472263e+00             -3.0793983614e+00              7.0933726114e-05              8.3291683196e-04              8.5163035963e-02
              2.0000000000e-02             -3.8718443583e+00             -3.0793983614e+00              1.3432462653e-04              8.3291683196e-04              1.6127015492e-01
              3.0000000000e-02             -3.7192156936e+00             -3.0793983614e+00              1.9089049600e-04              8.3291683196e-04              2.2918314132e-01
              4.0000000000e-02             -3.6174771960e+00             -3.0793983614e+00              2.4128082211e-04              8.3291683196e-04              2.8968176996e-01
              5.0000000000e-02             -3.5435075152e+00             -3.0793983614e+00              2.8608328551e-04              8.3291683196e-04              3.4347161028e-01
              6.0000000000e-02             -3.4870094093e+00             -3.0793983614e+00              3.2582964163e-04              8.3291683196e-04              3.9119108790e-01
              7.0000000000e-02             -3.4424915437e+00             -3.0793983614e+00              3.6100104270e-04              8.3291683196e-04              4.3341787420e-01
              8.0000000000e-02             -3.4066775366e+00             -3.0793983614e+00              3.9203285325e-04              8.3291683196e-04              4.7067466788e-01
              9.0000000000e-02             -3.3774554509e+00             -3.0793983614e+00              4.1931900741e-04              8.3291683196e-04              5.0343442625e-01
              1.0000000000e-01             -3.3533846176e+00             -3.0793983614e+00              4.4321595152e-04              8.3291683196e-04              5.3212509882e-01
              1.1000000000e-01             -3.3334387685e+00             -3.0793983614e+00              4.6404621154e-04              8.3291683196e-04              5.5713391029e-01
              1.2000000000e-01             -3.3168614082e+00             -3.0793983614e+00              4.8210162106e-04              8.3291683196e-04              5.7881123608e-01
              1.3000000000e-01             -3.3030792712e+00             -3.0793983614e+00              4.9764624201e-04              8.3291683196e-04              5.9747410896e-01
              1.4000000000e-01             -3.2916479401e+00             -3.0793983614e+00              5.1091900752e-04              8.3291683196e-04              6.1340939205e-01
              1.5000000000e-01             -3.2822162680e+00             -3.0793983614e+00              5.2213611322e-04              8.3291683196e-04              6.2687664984e-01
              1.6000000000e-01             -3.2745023031e+00             -3.0793983614e+00              5.3149318099e-04              8.3291683196e-04              6.3811074599e-01
              1.7000000000e-01             -3.2682765222e+00             -3.0793983614e+00              5.3916721687e-04              8.3291683196e-04              6.4732419394e-01
              1.8000000000e-01             -3.2633498622e+00             -3.0793983614e+00              5.4531838249e-04              8.3291683196e-04              6.5470928377e-01
              1.9000000000e-01             -3.2595649882e+00             -3.0793983614e+00              5.5009159814e-04              8.3291683196e-04              6.6044000676e-01
              2.0000000000e-01             -3.2567898034e+00             -3.0793983614e+00              5.5361799308e-04              8.3291683196e-04              6.6467379675e-01
              2.1000000000e-01             -3.2549125406e+00             -3.0793983614e+00              5.5601621799e-04              8.3291683196e-04              6.6755310573e-01
              2.2000000000e-01             -3.2538379969e+00             -3.0793983614e+00              5.5739363246e-04              8.3291683196e-04              6.6920682962e-01
              2.3000000000e-01             -3.2534846027e+00             -3.0793983614e+00              5.5784737943e-04              8.3291683196e-04              6.6975159826e-01
              2.4000000000e-01             -3.2537821158e+00             -3.0793983614e+00              5.5746535748e-04              8.3291683196e-04              6.6929294269e-01
              2.5000000000e-01             -3.2546697836e+00             -3.0793983614e+00              5.5632710056e-04              8.3291683196e-04              6.6792635136e-01
              2.6000000000e-01             -3.2560948671e+00             -3.0793983614e+00              5.5450457392e-04              8.3291683196e-04              6.6573822577e-01
              2.7000000000e-01             -3.2580114419e+00             -3.0793983614e+00              5.5206289445e-04              8.3291683196e-04              6.6280674524e-01
              2.8000000000e-01             -3.2603794173e+00             -3.0793983614e+00              5.4906098232e-04              8.3291683196e-04              6.5920264936e-01
              2.9000000000e-01             -3.2631637278e+00             -3.0793983614e+00              5.4555215073e-04              8.3291683196e-04              6.5498994592e-01
              3.0000000000e-01             -3.2663336617e+00             -3.0793983614e+00              5.4158463943e-04              8.3291683196e-04              6.5022655161e-01
              3.1000000000e-01             -3.2698623002e+00             -3.0793983614e+00              5.3720209757e-04              8.3291683196e-04              6.4496487158e-01
              3.2000000000e-01             -3.2737260458e+00             -3.0793983614e+00              5.3244402053e-04              8.3291683197e-04              6.3925232400e-01
              3.3000000000e-01             -3.2779042242e+00             -3.0793983614e+00              5.2734614521e-04              8.3291683196e-04              6.3313181458e-01
              3.4000000000e-01             -3.2823787467e+00             -3.0793983614e+00              5.2194080769e-04              8.3291683196e-04              6.2664216602e-01
              3.5000000000e-01             -3.2871338221e+00             -3.0793983614e+00              5.1625726687e-04              8.3291683196e-04              6.1981850655e-01
              3.6000000000e-01             -3.2921557111e+00             -3.0793983614e+00              5.1032199729e-04              8.3291683196e-04              6.1269262153e-01
              3.7000000000e-01             -3.2974325151e+00             -3.0793983614e+00              5.0415895411e-04              8.3291683196e-04              6.0529327150e-01
              3.8000000000e-01             -3.3029539954e+00             -3.0793983614e+00              4.9778981285e-04              8.3291683196e-04              5.9764648012e-01
              3.9000000000e-01             -3.3087114171e+00             -3.0793983614e+00              4.9123418635e-04              8.3291683196e-04              5.8977579453e-01
              4.0000000000e-01             -3.3146974154e+00             -3.0793983614e+00              4.8450982101e-04              8.3291683196e-04              5.8170252108e-01
              4.1000000000e-01             -3.3209058802e+00             -3.0793983614e+00              4.7763277446e-04              8.3291683196e-04              5.7344593857e-01
              4.2000000000e-01             -3.3273318572e+00             -3.0793983614e+00              4.7061757623e-04              8.3291683196e-04              5.6502349115e-01
              4.3000000000e-01             -3.3339714631e+00             -3.0793983614e+00              4.6347737321e-04              8.3291683196e-04              5.5645096296e-01
              4.4000000000e-01             -3.3408218139e+00             -3.0793983614e+00              4.5622406116e-04              8.3291683196e-04              5.4774263607e-01
              4.5000000000e-01             -3.3478809638e+00             -3.0793983614e+00              4.4886840384e-04              8.3291683196e-04              5.3891143343e-01
              4.6000000000e-01             -3.3551478552e+00             -3.0793983614e+00              4.4142014068e-04              8.3291683196e-04              5.2996904822e-01
              4.7000000000e-01             -3.3626222766e+00             -3.0793983614e+00              4.3388808430e-04              8.3291683196e-04              5.2092606087e-01
              4.8000000000e-01             -3.3703048303e+00             -3.0793983614e+00              4.2628020868e-04              8.3291683196e-04              5.1179204492e-01
              4.9000000000e-01             -3.3781969072e+00             -3.0793983614e+00              4.1860372896e-04              8.3291683196e-04              5.0257566289e-01
              5.0000000000e-01             -3.3863006694e+00             -3.0793983614e+00              4.1086517370e-04              8.3291683196e-04              4.9328475297e-01
              5.1000000000e-01             -3.3946190396e+00             -3.0793983614e+00              4.0307045015e-04              8.3291683196e-04              4.8392640740e-01
              5.2000000000e-01             -3.4031556980e+00             -3.0793983614e+00              3.9522490345e-04              8.3291683196e-04              4.7450704354e-01
              5.3000000000e-01             -3.4119150855e+00             -3.0793983614e+00              3.8733337005e-04              8.3291683196e-04              4.6503246806e-01
              5.4000000000e-01             -3.4209024146e+00             -3.0793983614e+00              3.7940022617e-04              8.3291683196e-04              4.5550793502e-01
              5.5000000000e-01             -3.4301236863e+00             -3.0793983614e+00              3.7142943156e-04              8.3291683196e-04              4.4593819852e-01
              5.6000000000e-01             -3.4395857157e+00             -3.0793983614e+00              3.6342456918e-04              8.3291683196e-04              4.3632756024e-01
              5.7000000000e-01             -3.4492961640e+00             -3.0793983614e+00              3.5538888098e-04              8.3291683196e-04              4.2667991250e-01
              5.8000000000e-01             -3.4592635799e+00             -3.0793983614e+00              3.4732530045e-04              8.3291683196e-04              4.1699877721e-01
              5.9000000000e-01             -3.4694974494e+00             -3.0793983614e+00              3.3923648188e-04              8.3291683196e-04              4.0728734114e-01
              6.0000000000e-01             -3.4800082556e+00             -3.0793983614e+00              3.3112482699e-04              8.3291683196e-04              3.9754848778e-01
              6.1000000000e-01             -3.4908075500e+00             -3.0793983614e+00              3.2299250895e-04              8.3291683196e-04              3.8778482624e-01
              6.2000000000e-01             -3.5019080353e+00             -3.0793983614e+00              3.1484149412e-04              8.3291683196e-04              3.7799871732e-01
              6.3000000000e-01             -3.5133236629e+00             -3.0793983614e+00              3.0667356172e-04              8.3291683196e-04              3.6819229718e-01
              6.4000000000e-01             -3.5250697460e+00             -3.0793983614e+00              2.9849032168e-04              8.3291683196e-04              3.5836749868e-01
              6.5000000000e-01             -3.5371630913e+00             -3.0793983614e+00              2.9029323071e-04              8.3291683196e-04              3.4852607076e-01
              6.6000000000e-01             -3.5496221518e+00             -3.0793983614e+00              2.8208360691e-04              8.3291683196e-04              3.3866959592e-01
              6.7000000000e-01             -3.5624672050e+00             -3.0793983614e+00              2.7386264293e-04              8.3291683196e-04              3.2879950605e-01
              6.8000000000e-01             -3.5757205595e+00             -3.0793983614e+00              2.6563141793e-04              8.3291683196e-04              3.1891709680e-01
              6.9000000000e-01             -3.5894067974e+00             -3.0793983614e+00              2.5739090837e-04              8.3291683196e-04              3.0902354052e-01
              7.0000000000e-01             -3.6035530574e+00             -3.0793983614e+00              2.4914199781e-04              8.3291683196e-04              2.9911989799e-01
              7.1000000000e-01             -3.6181893672e+00             -3.0793983614e+00              2.4088548569e-04              8.3291683196e-04              2.8920712903e-01
              7.2000000000e-01             -3.6333490366e+00             -3.0793983614e+00              2.3262209541e-04              8.3291683196e-04              2.7928610214e-01
              7.3000000000e-01             -3.6490691225e+00             -3.0793983614e+00              2.2435248150e-04              8.3291683196e-04              2.6935760317e-01
              7.4000000000e-01             -3.6653909837e+00             -3.0793983614e+00              2.1607723623e-04              8.3291683196e-04              2.5942234319e-01
              7.5000000000e-01             -3.6823609452e+00             -3.0793983614e+00              2.0779689548e-04              8.3291683196e-04              2.4948096558e-01
              7.6000000000e-01             -3.7000310993e+00             -3.0793983614e+00              1.9951194417e-04              8.3291683196e-04              2.3953405251e-01
              7.7000000000e-01             -3.7184602791e+00             -3.0793983614e+00              1.9122282103e-04              8.3291683196e-04              2.2958213076e-01
              7.8000000000e-01             -3.7377152482e+00             -3.0793983614e+00              1.8292992308e-04              8.3291683196e-04              2.1962567697e-01
              7.9000000000e-01             -3.7578721694e+00             -3.0793983614e+00              1.7463360953e-04              8.3291683196e-04              2.0966512240e-01
              8.0000000000e-01             -3.7790184321e+00             -3.0793983614e+00              1.6633420542e-04              8.3291683196e-04              1.9970085732e-01
              8.1000000000e-01             -3.8012549502e+00             -3.0793983614e+00              1.5803200485e-04              8.3291683196e-04              1.8973323481e-01
              8.2000000000e-01             -3.8246990824e+00             -3.0793983614e+00              1.4972727395e-04              8.3291683196e-04              1.7976257437e-01
              8.3000000000e-01             -3.8494883886e+00             -3.0793983614e+00              1.4142025351e-04              8.3291683196e-04              1.6978916511e-01
              8.4000000000e-01             -3.8757855273e+00             -3.0793983614e+00              1.3311116140e-04              8.3291683196e-04              1.5981326862e-01
              8.5000000000e-01             -3.9037847368e+00             -3.0793983614e+00              1.2480019478e-04              8.3291683196e-04              1.4983512157e-01
              8.6000000000e-01             -3.9337205559e+00             -3.0793983614e+00              1.1648753202e-04              8.3291683196e-04              1.3985493815e-01
              8.7000000000e-01             -3.9658797826e+00             -3.0793983614e+00              1.0817333453e-04              8.3291683196e-04              1.2987291213e-01
              8.8000000000e-01             -4.0006182308e+00             -3.0793983614e+00              9.9857748362e-05              8.3291683196e-04              1.1988921886e-01
              8.9000000000e-01             -4.0383847952e+00             -3.0793983614e+00              9.1540905669e-05              8.3291683196e-04              1.0990401701e-01
              9.0000000000e-01             -4.0797570190e+00             -3.0793983614e+00              8.3222926023e-05              8.3291683196e-04              9.9917450133e-02
              9.1000000000e-01             -4.1254954673e+00             -3.0793983614e+00              7.4903917618e-05              8.3291683196e-04              8.9929648128e-02
              9.2000000000e-01             -4.1766302596e+00             -3.0793983614e+00              6.6583978355e-05              8.3291683196e-04              7.9940728534e-02
              9.3000000000e-01             -4.2346056900e+00             -3.0793983614e+00              5.8263196816e-05              8.3291683196e-04              6.9950797703e-02
              9.4000000000e-01             -4.3015370858e+00             -3.0793983614e+00              4.9941653155e-05              8.3291683196e-04              5.9959951868e-02
              9.5000000000e-01             -4.3807039774e+00             -3.0793983614e+00              4.1619419897e-05              8.3291683196e-04              4.9968278103e-02
              9.6000000000e-01             -4.4776005981e+00             -3.0793983614e+00              3.3296562665e-05              8.3291683197e-04              3.9975855196e-02
              9.7000000000e-01             -4.6025268336e+00             -3.0793983614e+00              2.4973140839e-05              8.3291683196e-04              2.9982754437e-02
              9.8000000000e-01             -4.7786064171e+00             -3.0793983614e+00              1.6649208147e-05              8.3291683197e-04              1.9989040332e-02
              9.9000000000e-01             -5.0796255026e+00             -3.0793983614e+00              8.3248132045e-06              8.3291683197e-04              9.9947712484e-03
