   0.000000e+00   0.000000e+00
   1.000000e-03   8.950212e-03
   2.000000e-03   1.780142e-02
   3.000000e-03   2.655460e-02
   4.000000e-03   3.521074e-02
   5.000000e-03   4.377080e-02
   6.000000e-03   5.223574e-02
   7.000000e-03   6.060650e-02
   8.000000e-03   6.888402e-02
   9.000000e-03   7.706922e-02
   1.000000e-02   8.516304e-02
   1.100000e-02   9.316636e-02
   1.200000e-02   1.010801e-01
   1.300000e-02   1.089052e-01
   1.400000e-02   1.166424e-01
   1.500000e-02   1.242927e-01
   1.600000e-02   1.318569e-01
   1.700000e-02   1.393360e-01
   1.800000e-02   1.467306e-01
   1.900000e-02   1.540417e-01
   2.000000e-02   1.612702e-01
   2.100000e-02   1.684167e-01
   2.200000e-02   1.754822e-01
   2.300000e-02   1.824674e-01
   2.400000e-02   1.893732e-01
   2.500000e-02   1.962004e-01
   2.600000e-02   2.029496e-01
   2.700000e-02   2.096217e-01
   2.800000e-02   2.162175e-01
   2.900000e-02   2.227377e-01
   3.000000e-02   2.291831e-01
   3.100000e-02   2.355545e-01
   3.200000e-02   2.418524e-01
   3.300000e-02   2.480778e-01
   3.400000e-02   2.542312e-01
   3.500000e-02   2.603135e-01
   3.600000e-02   2.663253e-01
   3.700000e-02   2.722673e-01
   3.800000e-02   2.781403e-01
   3.900000e-02   2.839449e-01
   4.000000e-02   2.896818e-01
   4.100000e-02   2.953516e-01
   4.200000e-02   3.009551e-01
   4.300000e-02   3.064929e-01
   4.400000e-02   3.119656e-01
   4.500000e-02   3.173739e-01
   4.600000e-02   3.227184e-01
   4.700000e-02   3.279999e-01
   4.800000e-02   3.332188e-01
   4.900000e-02   3.383758e-01
   5.000000e-02   3.434716e-01
   5.100000e-02   3.485067e-01
   5.200000e-02   3.534818e-01
   5.300000e-02   3.583974e-01
   5.400000e-02   3.632542e-01
   5.500000e-02   3.680527e-01
   5.600000e-02   3.727935e-01
   5.700000e-02   3.774771e-01
   5.800000e-02   3.821043e-01
   5.900000e-02   3.866754e-01
   6.000000e-02   3.911911e-01
   6.100000e-02   3.956519e-01
   6.200000e-02   4.000584e-01
   6.300000e-02   4.044111e-01
   6.400000e-02   4.087105e-01
   6.500000e-02   4.129572e-01
   6.600000e-02   4.171517e-01
   6.700000e-02   4.212945e-01
   6.800000e-02   4.253861e-01
   6.900000e-02   4.294271e-01
   7.000000e-02   4.334179e-01
   7.100000e-02   4.373590e-01
   7.200000e-02   4.412510e-01
   7.300000e-02   4.450943e-01
   7.400000e-02   4.488894e-01
   7.500000e-02   4.526369e-01
   7.600000e-02   4.563370e-01
   7.700000e-02   4.599904e-01
   7.800000e-02   4.635975e-01
   7.900000e-02   4.671588e-01
   8.000000e-02   4.706747e-01
   8.100000e-02   4.741456e-01
   8.200000e-02   4.775721e-01
   8.300000e-02   4.809545e-01
   8.400000e-02   4.842933e-01
   8.500000e-02   4.875889e-01
   8.600000e-02   4.908418e-01
   8.700000e-02   4.940524e-01
   8.800000e-02   4.972211e-01
   8.900000e-02   5.003483e-01
   9.000000e-02   5.034344e-01
   9.100000e-02   5.064799e-01
   9.200000e-02   5.094851e-01
   9.300000e-02   5.124505e-01
   9.400000e-02   5.153764e-01
   9.500000e-02   5.182633e-01
   9.600000e-02   5.211115e-01
   9.700000e-02   5.239214e-01
   9.800000e-02   5.266934e-01
   9.900000e-02   5.294278e-01
   1.000000e-01   5.321251e-01
   1.010000e-01   5.347856e-01
   1.020000e-01   5.374097e-01
   1.030000e-01   5.399977e-01
   1.040000e-01   5.425500e-01
   1.050000e-01   5.450670e-01
   1.060000e-01   5.475490e-01
   1.070000e-01   5.499963e-01
   1.080000e-01   5.524094e-01
   1.090000e-01   5.547885e-01
   1.100000e-01   5.571339e-01
   1.110000e-01   5.594461e-01
   1.120000e-01   5.617253e-01
   1.130000e-01   5.639719e-01
   1.140000e-01   5.661862e-01
   1.150000e-01   5.683685e-01
   1.160000e-01   5.705191e-01
   1.170000e-01   5.726384e-01
   1.180000e-01   5.747266e-01
   1.190000e-01   5.767841e-01
   1.200000e-01   5.788112e-01
   1.210000e-01   5.808082e-01
   1.220000e-01   5.827754e-01
   1.230000e-01   5.847130e-01
   1.240000e-01   5.866214e-01
   1.250000e-01   5.885009e-01
   1.260000e-01   5.903517e-01
   1.270000e-01   5.921741e-01
   1.280000e-01   5.939685e-01
   1.290000e-01   5.957351e-01
   1.300000e-01   5.974741e-01
   1.310000e-01   5.991859e-01
   1.320000e-01   6.008707e-01
   1.330000e-01   6.025288e-01
   1.340000e-01   6.041604e-01
   1.350000e-01   6.057659e-01
   1.360000e-01   6.073454e-01
   1.370000e-01   6.088993e-01
   1.380000e-01   6.104277e-01
   1.390000e-01   6.119310e-01
   1.400000e-01   6.134094e-01
   1.410000e-01   6.148631e-01
   1.420000e-01   6.162924e-01
   1.430000e-01   6.176976e-01
   1.440000e-01   6.190788e-01
   1.450000e-01   6.204363e-01
   1.460000e-01   6.217704e-01
   1.470000e-01   6.230812e-01
   1.480000e-01   6.243690e-01
   1.490000e-01   6.256341e-01
   1.500000e-01   6.268766e-01
   1.510000e-01   6.280969e-01
   1.520000e-01   6.292950e-01
   1.530000e-01   6.304713e-01
   1.540000e-01   6.316259e-01
   1.550000e-01   6.327591e-01
   1.560000e-01   6.338710e-01
   1.570000e-01   6.349619e-01
   1.580000e-01   6.360321e-01
   1.590000e-01   6.370816e-01
   1.600000e-01   6.381107e-01
   1.610000e-01   6.391197e-01
   1.620000e-01   6.401087e-01
   1.630000e-01   6.410778e-01
   1.640000e-01   6.420274e-01
   1.650000e-01   6.429576e-01
   1.660000e-01   6.438686e-01
   1.670000e-01   6.447605e-01
   1.680000e-01   6.456337e-01
   1.690000e-01   6.464881e-01
   1.700000e-01   6.473242e-01
   1.710000e-01   6.481420e-01
   1.720000e-01   6.489417e-01
   1.730000e-01   6.497234e-01
   1.740000e-01   6.504875e-01
   1.750000e-01   6.512340e-01
   1.760000e-01   6.519631e-01
   1.770000e-01   6.526750e-01
   1.780000e-01   6.533699e-01
   1.790000e-01   6.540480e-01
   1.800000e-01   6.547093e-01
   1.810000e-01   6.553541e-01
   1.820000e-01   6.559825e-01
   1.830000e-01   6.565947e-01
   1.840000e-01   6.571909e-01
   1.850000e-01   6.577712e-01
   1.860000e-01   6.583358e-01
   1.870000e-01   6.588848e-01
   1.880000e-01   6.594184e-01
   1.890000e-01   6.599368e-01
   1.900000e-01   6.604400e-01
   1.910000e-01   6.609283e-01
   1.920000e-01   6.614018e-01
   1.930000e-01   6.618606e-01
   1.940000e-01   6.623049e-01
   1.950000e-01   6.627348e-01
   1.960000e-01   6.631505e-01
   1.970000e-01   6.635521e-01
   1.980000e-01   6.639398e-01
   1.990000e-01   6.643136e-01
   2.000000e-01   6.646738e-01
   2.010000e-01   6.650205e-01
   2.020000e-01   6.653537e-01
   2.030000e-01   6.656737e-01
   2.040000e-01   6.659806e-01
   2.050000e-01   6.662744e-01
   2.060000e-01   6.665554e-01
   2.070000e-01   6.668236e-01
   2.080000e-01   6.670792e-01
   2.090000e-01   6.673224e-01
   2.100000e-01   6.675531e-01
   2.110000e-01   6.677716e-01
   2.120000e-01   6.679780e-01
   2.130000e-01   6.681724e-01
   2.140000e-01   6.683549e-01
   2.150000e-01   6.685256e-01
   2.160000e-01   6.686847e-01
   2.170000e-01   6.688322e-01
   2.180000e-01   6.689684e-01
   2.190000e-01   6.690932e-01
   2.200000e-01   6.692068e-01
   2.210000e-01   6.693094e-01
   2.220000e-01   6.694010e-01
   2.230000e-01   6.694817e-01
   2.240000e-01   6.695517e-01
   2.250000e-01   6.696110e-01
   2.260000e-01   6.696598e-01
   2.270000e-01   6.696981e-01
   2.280000e-01   6.697261e-01
   2.290000e-01   6.697439e-01
   2.300000e-01   6.697516e-01
   2.310000e-01   6.697492e-01
   2.320000e-01   6.697369e-01
   2.330000e-01   6.697148e-01
   2.340000e-01   6.696830e-01
   2.350000e-01   6.696415e-01
   2.360000e-01   6.695905e-01
   2.370000e-01   6.695300e-01
   2.380000e-01   6.694602e-01
   2.390000e-01   6.693812e-01
   2.400000e-01   6.692929e-01
   2.410000e-01   6.691956e-01
   2.420000e-01   6.690894e-01
   2.430000e-01   6.689742e-01
   2.440000e-01   6.688502e-01
   2.450000e-01   6.687175e-01
   2.460000e-01   6.685762e-01
   2.470000e-01   6.684264e-01
   2.480000e-01   6.682680e-01
   2.490000e-01   6.681013e-01
   2.500000e-01   6.679264e-01
   2.510000e-01   6.677432e-01
   2.520000e-01   6.675518e-01
   2.530000e-01   6.673525e-01
   2.540000e-01   6.671451e-01
   2.550000e-01   6.669299e-01
   2.560000e-01   6.667069e-01
   2.570000e-01   6.664761e-01
   2.580000e-01   6.662377e-01
   2.590000e-01   6.659917e-01
   2.600000e-01   6.657382e-01
   2.610000e-01   6.654773e-01
   2.620000e-01   6.652090e-01
   2.630000e-01   6.649335e-01
   2.640000e-01   6.646507e-01
   2.650000e-01   6.643608e-01
   2.660000e-01   6.640639e-01
   2.670000e-01   6.637599e-01
   2.680000e-01   6.634490e-01
   2.690000e-01   6.631313e-01
   2.700000e-01   6.628067e-01
   2.710000e-01   6.624755e-01
   2.720000e-01   6.621376e-01
   2.730000e-01   6.617931e-01
   2.740000e-01   6.614421e-01
   2.750000e-01   6.610846e-01
   2.760000e-01   6.607208e-01
   2.770000e-01   6.603506e-01
   2.780000e-01   6.599741e-01
   2.790000e-01   6.595915e-01
   2.800000e-01   6.592026e-01
   2.810000e-01   6.588078e-01
   2.820000e-01   6.584069e-01
   2.830000e-01   6.580000e-01
   2.840000e-01   6.575872e-01
   2.850000e-01   6.571686e-01
   2.860000e-01   6.567442e-01
   2.870000e-01   6.563141e-01
   2.880000e-01   6.558783e-01
   2.890000e-01   6.554369e-01
   2.900000e-01   6.549899e-01
   2.910000e-01   6.545375e-01
   2.920000e-01   6.540796e-01
   2.930000e-01   6.536163e-01
   2.940000e-01   6.531476e-01
   2.950000e-01   6.526737e-01
   2.960000e-01   6.521945e-01
   2.970000e-01   6.517102e-01
   2.980000e-01   6.512207e-01
   2.990000e-01   6.507261e-01
   3.000000e-01   6.502266e-01
   3.010000e-01   6.497220e-01
   3.020000e-01   6.492125e-01
   3.030000e-01   6.486981e-01
   3.040000e-01   6.481789e-01
   3.050000e-01   6.476549e-01
   3.060000e-01   6.471262e-01
   3.070000e-01   6.465928e-01
   3.080000e-01   6.460547e-01
   3.090000e-01   6.455121e-01
   3.100000e-01   6.449649e-01
   3.110000e-01   6.444132e-01
   3.120000e-01   6.438570e-01
   3.130000e-01   6.432964e-01
   3.140000e-01   6.427315e-01
   3.150000e-01   6.421622e-01
   3.160000e-01   6.415886e-01
   3.170000e-01   6.410108e-01
   3.180000e-01   6.404288e-01
   3.190000e-01   6.398426e-01
   3.200000e-01   6.392523e-01
   3.210000e-01   6.386580e-01
   3.220000e-01   6.380596e-01
   3.230000e-01   6.374572e-01
   3.240000e-01   6.368508e-01
   3.250000e-01   6.362405e-01
   3.260000e-01   6.356264e-01
   3.270000e-01   6.350084e-01
   3.280000e-01   6.343866e-01
   3.290000e-01   6.337611e-01
   3.300000e-01   6.331318e-01
   3.310000e-01   6.324989e-01
   3.320000e-01   6.318622e-01
   3.330000e-01   6.312220e-01
   3.340000e-01   6.305782e-01
   3.350000e-01   6.299309e-01
   3.360000e-01   6.292800e-01
   3.370000e-01   6.286257e-01
   3.380000e-01   6.279679e-01
   3.390000e-01   6.273067e-01
   3.400000e-01   6.266422e-01
   3.410000e-01   6.259743e-01
   3.420000e-01   6.253031e-01
   3.430000e-01   6.246286e-01
   3.440000e-01   6.239509e-01
   3.450000e-01   6.232700e-01
   3.460000e-01   6.225859e-01
   3.470000e-01   6.218987e-01
   3.480000e-01   6.212084e-01
   3.490000e-01   6.205150e-01
   3.500000e-01   6.198185e-01
   3.510000e-01   6.191190e-01
   3.520000e-01   6.184165e-01
   3.530000e-01   6.177111e-01
   3.540000e-01   6.170027e-01
   3.550000e-01   6.162915e-01
   3.560000e-01   6.155773e-01
   3.570000e-01   6.148604e-01
   3.580000e-01   6.141406e-01
   3.590000e-01   6.134180e-01
   3.600000e-01   6.126926e-01
   3.610000e-01   6.119645e-01
   3.620000e-01   6.112338e-01
   3.630000e-01   6.105003e-01
   3.640000e-01   6.097642e-01
   3.650000e-01   6.090254e-01
   3.660000e-01   6.082841e-01
   3.670000e-01   6.075402e-01
   3.680000e-01   6.067937e-01
   3.690000e-01   6.060448e-01
   3.700000e-01   6.052933e-01
   3.710000e-01   6.045393e-01
   3.720000e-01   6.037829e-01
   3.730000e-01   6.030241e-01
   3.740000e-01   6.022629e-01
   3.750000e-01   6.014993e-01
   3.760000e-01   6.007333e-01
   3.770000e-01   5.999651e-01
   3.780000e-01   5.991945e-01
   3.790000e-01   5.984216e-01
   3.800000e-01   5.976465e-01
   3.810000e-01   5.968691e-01
   3.820000e-01   5.960895e-01
   3.830000e-01   5.953078e-01
   3.840000e-01   5.945238e-01
   3.850000e-01   5.937377e-01
   3.860000e-01   5.929495e-01
   3.870000e-01   5.921592e-01
   3.880000e-01   5.913668e-01
   3.890000e-01   5.905723e-01
   3.900000e-01   5.897758e-01
   3.910000e-01   5.889773e-01
   3.920000e-01   5.881767e-01
   3.930000e-01   5.873742e-01
   3.940000e-01   5.865697e-01
   3.950000e-01   5.857632e-01
   3.960000e-01   5.849549e-01
   3.970000e-01   5.841446e-01
   3.980000e-01   5.833324e-01
   3.990000e-01   5.825184e-01
   4.000000e-01   5.817025e-01
   4.010000e-01   5.808848e-01
   4.020000e-01   5.800653e-01
   4.030000e-01   5.792440e-01
   4.040000e-01   5.784209e-01
   4.050000e-01   5.775960e-01
   4.060000e-01   5.767694e-01
   4.070000e-01   5.759411e-01
   4.080000e-01   5.751111e-01
   4.090000e-01   5.742793e-01
   4.100000e-01   5.734459e-01
   4.110000e-01   5.726109e-01
   4.120000e-01   5.717742e-01
   4.130000e-01   5.709359e-01
   4.140000e-01   5.700959e-01
   4.150000e-01   5.692544e-01
   4.160000e-01   5.684113e-01
   4.170000e-01   5.675667e-01
   4.180000e-01   5.667205e-01
   4.190000e-01   5.658727e-01
   4.200000e-01   5.650235e-01
   4.210000e-01   5.641727e-01
   4.220000e-01   5.633205e-01
   4.230000e-01   5.624668e-01
   4.240000e-01   5.616117e-01
   4.250000e-01   5.607551e-01
   4.260000e-01   5.598970e-01
   4.270000e-01   5.590376e-01
   4.280000e-01   5.581768e-01
   4.290000e-01   5.573146e-01
   4.300000e-01   5.564510e-01
   4.310000e-01   5.555860e-01
   4.320000e-01   5.547197e-01
   4.330000e-01   5.538521e-01
   4.340000e-01   5.529832e-01
   4.350000e-01   5.521129e-01
   4.360000e-01   5.512414e-01
   4.370000e-01   5.503686e-01
   4.380000e-01   5.494945e-01
   4.390000e-01   5.486192e-01
   4.400000e-01   5.477426e-01
   4.410000e-01   5.468648e-01
   4.420000e-01   5.459858e-01
   4.430000e-01   5.451056e-01
   4.440000e-01   5.442242e-01
   4.450000e-01   5.433416e-01
   4.460000e-01   5.424579e-01
   4.470000e-01   5.415730e-01
   4.480000e-01   5.406869e-01
   4.490000e-01   5.397997e-01
   4.500000e-01   5.389114e-01
   4.510000e-01   5.380220e-01
   4.520000e-01   5.371315e-01
   4.530000e-01   5.362399e-01
   4.540000e-01   5.353472e-01
   4.550000e-01   5.344535e-01
   4.560000e-01   5.335586e-01
   4.570000e-01   5.326628e-01
   4.580000e-01   5.317659e-01
   4.590000e-01   5.308680e-01
   4.600000e-01   5.299690e-01
   4.610000e-01   5.290691e-01
   4.620000e-01   5.281682e-01
   4.630000e-01   5.272663e-01
   4.640000e-01   5.263634e-01
   4.650000e-01   5.254595e-01
   4.660000e-01   5.245547e-01
   4.670000e-01   5.236489e-01
   4.680000e-01   5.227422e-01
   4.690000e-01   5.218346e-01
   4.700000e-01   5.209261e-01
   4.710000e-01   5.200166e-01
   4.720000e-01   5.191063e-01
   4.730000e-01   5.181950e-01
   4.740000e-01   5.172829e-01
   4.750000e-01   5.163699e-01
   4.760000e-01   5.154560e-01
   4.770000e-01   5.145413e-01
   4.780000e-01   5.136257e-01
   4.790000e-01   5.127093e-01
   4.800000e-01   5.117920e-01
   4.810000e-01   5.108740e-01
   4.820000e-01   5.099551e-01
   4.830000e-01   5.090354e-01
   4.840000e-01   5.081149e-01
   4.850000e-01   5.071936e-01
   4.860000e-01   5.062716e-01
   4.870000e-01   5.053487e-01
   4.880000e-01   5.044251e-01
   4.890000e-01   5.035008e-01
   4.900000e-01   5.025757e-01
   4.910000e-01   5.016498e-01
   4.920000e-01   5.007232e-01
   4.930000e-01   4.997959e-01
   4.940000e-01   4.988678e-01
   4.950000e-01   4.979391e-01
   4.960000e-01   4.970096e-01
   4.970000e-01   4.960794e-01
   4.980000e-01   4.951485e-01
   4.990000e-01   4.942170e-01
   5.000000e-01   4.932848e-01
   5.010000e-01   4.923518e-01
   5.020000e-01   4.914183e-01
   5.030000e-01   4.904840e-01
   5.040000e-01   4.895491e-01
   5.050000e-01   4.886136e-01
   5.060000e-01   4.876774e-01
   5.070000e-01   4.867406e-01
   5.080000e-01   4.858032e-01
   5.090000e-01   4.848651e-01
   5.100000e-01   4.839264e-01
   5.110000e-01   4.829871e-01
   5.120000e-01   4.820472e-01
   5.130000e-01   4.811067e-01
   5.140000e-01   4.801656e-01
   5.150000e-01   4.792240e-01
   5.160000e-01   4.782817e-01
   5.170000e-01   4.773389e-01
   5.180000e-01   4.763955e-01
   5.190000e-01   4.754516e-01
   5.200000e-01   4.745070e-01
   5.210000e-01   4.735620e-01
   5.220000e-01   4.726164e-01
   5.230000e-01   4.716702e-01
   5.240000e-01   4.707235e-01
   5.250000e-01   4.697763e-01
   5.260000e-01   4.688286e-01
   5.270000e-01   4.678803e-01
   5.280000e-01   4.669315e-01
   5.290000e-01   4.659823e-01
   5.300000e-01   4.650325e-01
   5.310000e-01   4.640822e-01
   5.320000e-01   4.631314e-01
   5.330000e-01   4.621801e-01
   5.340000e-01   4.612284e-01
   5.350000e-01   4.602761e-01
   5.360000e-01   4.593234e-01
   5.370000e-01   4.583702e-01
   5.380000e-01   4.574166e-01
   5.390000e-01   4.564625e-01
   5.400000e-01   4.555079e-01
   5.410000e-01   4.545529e-01
   5.420000e-01   4.535975e-01
   5.430000e-01   4.526416e-01
   5.440000e-01   4.516852e-01
   5.450000e-01   4.507284e-01
   5.460000e-01   4.497712e-01
   5.470000e-01   4.488136e-01
   5.480000e-01   4.478555e-01
   5.490000e-01   4.468971e-01
   5.500000e-01   4.459382e-01
   5.510000e-01   4.449789e-01
   5.520000e-01   4.440192e-01
   5.530000e-01   4.430591e-01
   5.540000e-01   4.420986e-01
   5.550000e-01   4.411377e-01
   5.560000e-01   4.401765e-01
   5.570000e-01   4.392148e-01
   5.580000e-01   4.382528e-01
   5.590000e-01   4.372904e-01
   5.600000e-01   4.363276e-01
   5.610000e-01   4.353644e-01
   5.620000e-01   4.344009e-01
   5.630000e-01   4.334370e-01
   5.640000e-01   4.324727e-01
   5.650000e-01   4.315081e-01
   5.660000e-01   4.305432e-01
   5.670000e-01   4.295779e-01
   5.680000e-01   4.286122e-01
   5.690000e-01   4.276462e-01
   5.700000e-01   4.266799e-01
   5.710000e-01   4.257133e-01
   5.720000e-01   4.247463e-01
   5.730000e-01   4.237789e-01
   5.740000e-01   4.228113e-01
   5.750000e-01   4.218433e-01
   5.760000e-01   4.208750e-01
   5.770000e-01   4.199064e-01
   5.780000e-01   4.189375e-01
   5.790000e-01   4.179683e-01
   5.800000e-01   4.169988e-01
   5.810000e-01   4.160289e-01
   5.820000e-01   4.150588e-01
   5.830000e-01   4.140884e-01
   5.840000e-01   4.131177e-01
   5.850000e-01   4.121467e-01
   5.860000e-01   4.111754e-01
   5.870000e-01   4.102038e-01
   5.880000e-01   4.092319e-01
   5.890000e-01   4.082598e-01
   5.900000e-01   4.072873e-01
   5.910000e-01   4.063146e-01
   5.920000e-01   4.053417e-01
   5.930000e-01   4.043684e-01
   5.940000e-01   4.033949e-01
   5.950000e-01   4.024212e-01
   5.960000e-01   4.014471e-01
   5.970000e-01   4.004729e-01
   5.980000e-01   3.994983e-01
   5.990000e-01   3.985235e-01
   6.000000e-01   3.975485e-01
   6.010000e-01   3.965732e-01
   6.020000e-01   3.955977e-01
   6.030000e-01   3.946219e-01
   6.040000e-01   3.936459e-01
   6.050000e-01   3.926696e-01
   6.060000e-01   3.916931e-01
   6.070000e-01   3.907164e-01
   6.080000e-01   3.897394e-01
   6.090000e-01   3.887622e-01
   6.100000e-01   3.877848e-01
   6.110000e-01   3.868072e-01
   6.120000e-01   3.858293e-01
   6.130000e-01   3.848512e-01
   6.140000e-01   3.838730e-01
   6.150000e-01   3.828944e-01
   6.160000e-01   3.819157e-01
   6.170000e-01   3.809368e-01
   6.180000e-01   3.799576e-01
   6.190000e-01   3.789783e-01
   6.200000e-01   3.779987e-01
   6.210000e-01   3.770190e-01
   6.220000e-01   3.760390e-01
   6.230000e-01   3.750588e-01
   6.240000e-01   3.740785e-01
   6.250000e-01   3.730979e-01
   6.260000e-01   3.721172e-01
   6.270000e-01   3.711362e-01
   6.280000e-01   3.701551e-01
   6.290000e-01   3.691738e-01
   6.300000e-01   3.681923e-01
   6.310000e-01   3.672106e-01
   6.320000e-01   3.662287e-01
   6.330000e-01   3.652467e-01
   6.340000e-01   3.642645e-01
   6.350000e-01   3.632821e-01
   6.360000e-01   3.622995e-01
   6.370000e-01   3.613168e-01
   6.380000e-01   3.603338e-01
   6.390000e-01   3.593508e-01
   6.400000e-01   3.583675e-01
   6.410000e-01   3.573841e-01
   6.420000e-01   3.564005e-01
   6.430000e-01   3.554167e-01
   6.440000e-01   3.544328e-01
   6.450000e-01   3.534488e-01
   6.460000e-01   3.524645e-01
   6.470000e-01   3.514801e-01
   6.480000e-01   3.504956e-01
   6.490000e-01   3.495109e-01
   6.500000e-01   3.485261e-01
   6.510000e-01   3.475411e-01
   6.520000e-01   3.465559e-01
   6.530000e-01   3.455706e-01
   6.540000e-01   3.445852e-01
   6.550000e-01   3.435996e-01
   6.560000e-01   3.426139e-01
   6.570000e-01   3.416280e-01
   6.580000e-01   3.406420e-01
   6.590000e-01   3.396559e-01
   6.600000e-01   3.386696e-01
   6.610000e-01   3.376832e-01
   6.620000e-01   3.366966e-01
   6.630000e-01   3.357099e-01
   6.640000e-01   3.347231e-01
   6.650000e-01   3.337362e-01
   6.660000e-01   3.327491e-01
   6.670000e-01   3.317619e-01
   6.680000e-01   3.307745e-01
   6.690000e-01   3.297871e-01
   6.700000e-01   3.287995e-01
   6.710000e-01   3.278118e-01
   6.720000e-01   3.268240e-01
   6.730000e-01   3.258360e-01
   6.740000e-01   3.248480e-01
   6.750000e-01   3.238598e-01
   6.760000e-01   3.228715e-01
   6.770000e-01   3.218830e-01
   6.780000e-01   3.208945e-01
   6.790000e-01   3.199059e-01
   6.800000e-01   3.189171e-01
   6.810000e-01   3.179282e-01
   6.820000e-01   3.169392e-01
   6.830000e-01   3.159502e-01
   6.840000e-01   3.149610e-01
   6.850000e-01   3.139716e-01
   6.860000e-01   3.129822e-01
   6.870000e-01   3.119927e-01
   6.880000e-01   3.110031e-01
   6.890000e-01   3.100134e-01
   6.900000e-01   3.090235e-01
   6.910000e-01   3.080336e-01
   6.920000e-01   3.070436e-01
   6.930000e-01   3.060535e-01
   6.940000e-01   3.050632e-01
   6.950000e-01   3.040729e-01
   6.960000e-01   3.030825e-01
   6.970000e-01   3.020920e-01
   6.980000e-01   3.011014e-01
   6.990000e-01   3.001107e-01
   7.000000e-01   2.991199e-01
   7.010000e-01   2.981290e-01
   7.020000e-01   2.971380e-01
   7.030000e-01   2.961470e-01
   7.040000e-01   2.951558e-01
   7.050000e-01   2.941646e-01
   7.060000e-01   2.931733e-01
   7.070000e-01   2.921819e-01
   7.080000e-01   2.911904e-01
   7.090000e-01   2.901988e-01
   7.100000e-01   2.892071e-01
   7.110000e-01   2.882154e-01
   7.120000e-01   2.872236e-01
   7.130000e-01   2.862317e-01
   7.140000e-01   2.852397e-01
   7.150000e-01   2.842476e-01
   7.160000e-01   2.832555e-01
   7.170000e-01   2.822632e-01
   7.180000e-01   2.812709e-01
   7.190000e-01   2.802786e-01
   7.200000e-01   2.792861e-01
   7.210000e-01   2.782936e-01
   7.220000e-01   2.773010e-01
   7.230000e-01   2.763083e-01
   7.240000e-01   2.753156e-01
   7.250000e-01   2.743227e-01
   7.260000e-01   2.733299e-01
   7.270000e-01   2.723369e-01
   7.280000e-01   2.713439e-01
   7.290000e-01   2.703508e-01
   7.300000e-01   2.693576e-01
   7.310000e-01   2.683644e-01
   7.320000e-01   2.673711e-01
   7.330000e-01   2.663777e-01
   7.340000e-01   2.653843e-01
   7.350000e-01   2.643908e-01
   7.360000e-01   2.633972e-01
   7.370000e-01   2.624036e-01
   7.380000e-01   2.614099e-01
   7.390000e-01   2.604162e-01
   7.400000e-01   2.594223e-01
   7.410000e-01   2.584285e-01
   7.420000e-01   2.574345e-01
   7.430000e-01   2.564405e-01
   7.440000e-01   2.554465e-01
   7.450000e-01   2.544524e-01
   7.460000e-01   2.534582e-01
   7.470000e-01   2.524640e-01
   7.480000e-01   2.514697e-01
   7.490000e-01   2.504754e-01
   7.500000e-01   2.494810e-01
   7.510000e-01   2.484865e-01
   7.520000e-01   2.474920e-01
   7.530000e-01   2.464974e-01
   7.540000e-01   2.455028e-01
   7.550000e-01   2.445082e-01
   7.560000e-01   2.435134e-01
   7.570000e-01   2.425187e-01
   7.580000e-01   2.415239e-01
   7.590000e-01   2.405290e-01
   7.600000e-01   2.395341e-01
   7.610000e-01   2.385391e-01
   7.620000e-01   2.375441e-01
   7.630000e-01   2.365490e-01
   7.640000e-01   2.355539e-01
   7.650000e-01   2.345587e-01
   7.660000e-01   2.335635e-01
   7.670000e-01   2.325682e-01
   7.680000e-01   2.315729e-01
   7.690000e-01   2.305775e-01
   7.700000e-01   2.295821e-01
   7.710000e-01   2.285867e-01
   7.720000e-01   2.275912e-01
   7.730000e-01   2.265957e-01
   7.740000e-01   2.256001e-01
   7.750000e-01   2.246044e-01
   7.760000e-01   2.236088e-01
   7.770000e-01   2.226131e-01
   7.780000e-01   2.216173e-01
   7.790000e-01   2.206215e-01
   7.800000e-01   2.196257e-01
   7.810000e-01   2.186298e-01
   7.820000e-01   2.176339e-01
   7.830000e-01   2.166379e-01
   7.840000e-01   2.156419e-01
   7.850000e-01   2.146459e-01
   7.860000e-01   2.136498e-01
   7.870000e-01   2.126537e-01
   7.880000e-01   2.116575e-01
   7.890000e-01   2.106614e-01
   7.900000e-01   2.096651e-01
   7.910000e-01   2.086689e-01
   7.920000e-01   2.076726e-01
   7.930000e-01   2.066762e-01
   7.940000e-01   2.056798e-01
   7.950000e-01   2.046834e-01
   7.960000e-01   2.036870e-01
   7.970000e-01   2.026905e-01
   7.980000e-01   2.016940e-01
   7.990000e-01   2.006974e-01
   8.000000e-01   1.997009e-01
   8.010000e-01   1.987042e-01
   8.020000e-01   1.977076e-01
   8.030000e-01   1.967109e-01
   8.040000e-01   1.957142e-01
   8.050000e-01   1.947174e-01
   8.060000e-01   1.937207e-01
   8.070000e-01   1.927239e-01
   8.080000e-01   1.917270e-01
   8.090000e-01   1.907301e-01
   8.100000e-01   1.897332e-01
   8.110000e-01   1.887363e-01
   8.120000e-01   1.877393e-01
   8.130000e-01   1.867423e-01
   8.140000e-01   1.857453e-01
   8.150000e-01   1.847483e-01
   8.160000e-01   1.837512e-01
   8.170000e-01   1.827541e-01
   8.180000e-01   1.817569e-01
   8.190000e-01   1.807598e-01
   8.200000e-01   1.797626e-01
   8.210000e-01   1.787654e-01
   8.220000e-01   1.777681e-01
   8.230000e-01   1.767708e-01
   8.240000e-01   1.757735e-01
   8.250000e-01   1.747762e-01
   8.260000e-01   1.737788e-01
   8.270000e-01   1.727815e-01
   8.280000e-01   1.717841e-01
   8.290000e-01   1.707866e-01
   8.300000e-01   1.697892e-01
   8.310000e-01   1.687917e-01
   8.320000e-01   1.677942e-01
   8.330000e-01   1.667966e-01
   8.340000e-01   1.657991e-01
   8.350000e-01   1.648015e-01
   8.360000e-01   1.638039e-01
   8.370000e-01   1.628063e-01
   8.380000e-01   1.618086e-01
   8.390000e-01   1.608110e-01
   8.400000e-01   1.598133e-01
   8.410000e-01   1.588156e-01
   8.420000e-01   1.578178e-01
   8.430000e-01   1.568201e-01
   8.440000e-01   1.558223e-01
   8.450000e-01   1.548245e-01
   8.460000e-01   1.538266e-01
   8.470000e-01   1.528288e-01
   8.480000e-01   1.518309e-01
   8.490000e-01   1.508330e-01
   8.500000e-01   1.498351e-01
   8.510000e-01   1.488372e-01
   8.520000e-01   1.478392e-01
   8.530000e-01   1.468413e-01
   8.540000e-01   1.458433e-01
   8.550000e-01   1.448453e-01
   8.560000e-01   1.438472e-01
   8.570000e-01   1.428492e-01
   8.580000e-01   1.418511e-01
   8.590000e-01   1.408530e-01
   8.600000e-01   1.398549e-01
   8.610000e-01   1.388568e-01
   8.620000e-01   1.378587e-01
   8.630000e-01   1.368605e-01
   8.640000e-01   1.358623e-01
   8.650000e-01   1.348641e-01
   8.660000e-01   1.338659e-01
   8.670000e-01   1.328677e-01
   8.680000e-01   1.318695e-01
   8.690000e-01   1.308712e-01
   8.700000e-01   1.298729e-01
   8.710000e-01   1.288746e-01
   8.720000e-01   1.278763e-01
   8.730000e-01   1.268780e-01
   8.740000e-01   1.258796e-01
   8.750000e-01   1.248813e-01
   8.760000e-01   1.238829e-01
   8.770000e-01   1.228845e-01
   8.780000e-01   1.218861e-01
   8.790000e-01   1.208877e-01
   8.800000e-01   1.198892e-01
   8.810000e-01   1.188908e-01
   8.820000e-01   1.178923e-01
   8.830000e-01   1.168938e-01
   8.840000e-01   1.158953e-01
   8.850000e-01   1.148968e-01
   8.860000e-01   1.138983e-01
   8.870000e-01   1.128997e-01
   8.880000e-01   1.119012e-01
   8.890000e-01   1.109026e-01
   8.900000e-01   1.099040e-01
   8.910000e-01   1.089054e-01
   8.920000e-01   1.079068e-01
   8.930000e-01   1.069082e-01
   8.940000e-01   1.059095e-01
   8.950000e-01   1.049109e-01
   8.960000e-01   1.039122e-01
   8.970000e-01   1.029136e-01
   8.980000e-01   1.019149e-01
   8.990000e-01   1.009162e-01
   9.000000e-01   9.991745e-02
   9.010000e-01   9.891872e-02
   9.020000e-01   9.791998e-02
   9.030000e-01   9.692123e-02
   9.040000e-01   9.592247e-02
   9.050000e-01   9.492370e-02
   9.060000e-01   9.392491e-02
   9.070000e-01   9.292611e-02
   9.080000e-01   9.192730e-02
   9.090000e-01   9.092848e-02
   9.100000e-01   8.992965e-02
   9.110000e-01   8.893080e-02
   9.120000e-01   8.793195e-02
   9.130000e-01   8.693308e-02
   9.140000e-01   8.593421e-02
   9.150000e-01   8.493532e-02
   9.160000e-01   8.393642e-02
   9.170000e-01   8.293752e-02
   9.180000e-01   8.193860e-02
   9.190000e-01   8.093967e-02
   9.200000e-01   7.994073e-02
   9.210000e-01   7.894178e-02
   9.220000e-01   7.794282e-02
   9.230000e-01   7.694385e-02
   9.240000e-01   7.594487e-02
   9.250000e-01   7.494588e-02
   9.260000e-01   7.394689e-02
   9.270000e-01   7.294788e-02
   9.280000e-01   7.194886e-02
   9.290000e-01   7.094983e-02
   9.300000e-01   6.995080e-02
   9.310000e-01   6.895175e-02
   9.320000e-01   6.795270e-02
   9.330000e-01   6.695364e-02
   9.340000e-01   6.595456e-02
   9.350000e-01   6.495548e-02
   9.360000e-01   6.395639e-02
   9.370000e-01   6.295730e-02
   9.380000e-01   6.195819e-02
   9.390000e-01   6.095908e-02
   9.400000e-01   5.995995e-02
   9.410000e-01   5.896082e-02
   9.420000e-01   5.796168e-02
   9.430000e-01   5.696253e-02
   9.440000e-01   5.596338e-02
   9.450000e-01   5.496421e-02
   9.460000e-01   5.396504e-02
   9.470000e-01   5.296586e-02
   9.480000e-01   5.196668e-02
   9.490000e-01   5.096748e-02
   9.500000e-01   4.996828e-02
   9.510000e-01   4.896907e-02
   9.520000e-01   4.796985e-02
   9.530000e-01   4.697063e-02
   9.540000e-01   4.597139e-02
   9.550000e-01   4.497216e-02
   9.560000e-01   4.397291e-02
   9.570000e-01   4.297366e-02
   9.580000e-01   4.197440e-02
   9.590000e-01   4.097513e-02
   9.600000e-01   3.997586e-02
   9.610000e-01   3.897657e-02
   9.620000e-01   3.797729e-02
   9.630000e-01   3.697799e-02
   9.640000e-01   3.597869e-02
   9.650000e-01   3.497939e-02
   9.660000e-01   3.398007e-02
   9.670000e-01   3.298075e-02
   9.680000e-01   3.198143e-02
   9.690000e-01   3.098209e-02
   9.700000e-01   2.998275e-02
   9.710000e-01   2.898341e-02
   9.720000e-01   2.798406e-02
   9.730000e-01   2.698470e-02
   9.740000e-01   2.598534e-02
   9.750000e-01   2.498597e-02
   9.760000e-01   2.398660e-02
   9.770000e-01   2.298722e-02
   9.780000e-01   2.198783e-02
   9.790000e-01   2.098844e-02
   9.800000e-01   1.998904e-02
   9.810000e-01   1.898964e-02
   9.820000e-01   1.799023e-02
   9.830000e-01   1.699082e-02
   9.840000e-01   1.599140e-02
   9.850000e-01   1.499197e-02
   9.860000e-01   1.399254e-02
   9.870000e-01   1.299311e-02
   9.880000e-01   1.199367e-02
   9.890000e-01   1.099422e-02
   9.900000e-01   9.994771e-03
   9.910000e-01   8.995316e-03
   9.920000e-01   7.995856e-03
   9.930000e-01   6.996390e-03
   9.940000e-01   5.996920e-03
   9.950000e-01   4.997445e-03
   9.960000e-01   3.997966e-03
   9.970000e-01   2.998481e-03
   9.980000e-01   1.998992e-03
   9.990000e-01   9.994983e-04
   1.000000e+00   5.888573e-18
