   0.000000e+00   0.000000e+00
   1.000000e-02   8.516304e-02
   2.000000e-02   1.612702e-01
   3.000000e-02   2.291831e-01
   4.000000e-02   2.896818e-01
   5.000000e-02   3.434716e-01
   6.000000e-02   3.911911e-01
   7.000000e-02   4.334179e-01
   8.000000e-02   4.706747e-01
   9.000000e-02   5.034344e-01
   1.000000e-01   5.321251e-01
   1.100000e-01   5.571339e-01
   1.200000e-01   5.788112e-01
   1.300000e-01   5.974741e-01
   1.400000e-01   6.134094e-01
   1.500000e-01   6.268766e-01
   1.600000e-01   6.381107e-01
   1.700000e-01   6.473242e-01
   1.800000e-01   6.547093e-01
   1.900000e-01   6.604400e-01
   2.000000e-01   6.646738e-01
   2.100000e-01   6.675531e-01
   2.200000e-01   6.692068e-01
   2.300000e-01   6.697516e-01
   2.400000e-01   6.692929e-01
   2.500000e-01   6.679264e-01
   2.600000e-01   6.657382e-01
   2.700000e-01   6.628067e-01
   2.800000e-01   6.592026e-01
   2.900000e-01   6.549899e-01
   3.000000e-01   6.502266e-01
   3.100000e-01   6.449649e-01
   3.200000e-01   6.392523e-01
   3.300000e-01   6.331318e-01
   3.400000e-01   6.266422e-01
   3.500000e-01   6.198185e-01
   3.600000e-01   6.126926e-01
   3.700000e-01   6.052933e-01
   3.800000e-01   5.976465e-01
   3.900000e-01   5.897758e-01
   4.000000e-01   5.817025e-01
   4.100000e-01   5.734459e-01
   4.200000e-01   5.650235e-01
   4.300000e-01   5.564510e-01
   4.400000e-01   5.477426e-01
   4.500000e-01   5.389114e-01
   4.600000e-01   5.299690e-01
   4.700000e-01   5.209261e-01
   4.800000e-01   5.117920e-01
   4.900000e-01   5.025757e-01
   5.000000e-01   4.932848e-01
   5.100000e-01   4.839264e-01
   5.200000e-01   4.745070e-01
   5.300000e-01   4.650325e-01
   5.400000e-01   4.555079e-01
   5.500000e-01   4.459382e-01
   5.600000e-01   4.363276e-01
   5.700000e-01   4.266799e-01
   5.800000e-01   4.169988e-01
   5.900000e-01   4.072873e-01
   6.000000e-01   3.975485e-01
   6.100000e-01   3.877848e-01
   6.200000e-01   3.779987e-01
   6.300000e-01   3.681923e-01
   6.400000e-01   3.583675e-01
   6.500000e-01   3.485261e-01
   6.600000e-01   3.386696e-01
   6.700000e-01   3.287995e-01
   6.800000e-01   3.189171e-01
   6.900000e-01   3.090235e-01
   7.000000e-01   2.991199e-01
   7.100000e-01   2.892071e-01
   7.200000e-01   2.792861e-01
   7.300000e-01   2.693576e-01
   7.400000e-01   2.594223e-01
   7.500000e-01   2.494810e-01
   7.600000e-01   2.395341e-01
   7.700000e-01   2.295821e-01
   7.800000e-01   2.196257e-01
   7.900000e-01   2.096651e-01
   8.000000e-01   1.997009e-01
   8.100000e-01   1.897332e-01
   8.200000e-01   1.797626e-01
   8.300000e-01   1.697892e-01
   8.400000e-01   1.598133e-01
   8.500000e-01   1.498351e-01
   8.600000e-01   1.398549e-01
   8.700000e-01   1.298729e-01
   8.800000e-01   1.198892e-01
   8.900000e-01   1.099040e-01
   9.000000e-01   9.991745e-02
   9.100000e-01   8.992965e-02
   9.200000e-01   7.994073e-02
   9.300000e-01   6.995080e-02
   9.400000e-01   5.995995e-02
   9.500000e-01   4.996828e-02
   9.600000e-01   3.997586e-02
   9.700000e-01   2.998275e-02
   9.800000e-01   1.998904e-02
   9.900000e-01   9.994771e-03
   1.000000e+00   5.888573e-18
