                       0                       1                       2                       3                       4                       5                       6                       7                       8                       9                      10                      11                      12                      13                      14                      15                      16                      17                      18                      19                      20
   (0.000e+00,0.000e+00)   (0.000e+00,0.000e+00)   (0.000e+00,0.000e+00)   (0.000e+00,0.000e+00)   (0.000e+00,0.000e+00)   (0.000e+00,0.000e+00)   (0.000e+00,0.000e+00)   (0.000e+00,0.000e+00)   (0.000e+00,0.000e+00)   (0.000e+00,0.000e+00)   (0.000e+00,0.000e+00)   (0.000e+00,0.000e+00)   (0.000e+00,0.000e+00)   (0.000e+00,0.000e+00)   (0.000e+00,0.000e+00)   (0.000e+00,0.000e+00)   (0.000e+00,0.000e+00)   (0.000e+00,0.000e+00)   (0.000e+00,0.000e+00)   (0.000e+00,0.000e+00)   (0.000e+00,0.000e+00)
   (0.000e+00,0.000e+00)   (2.795e-03,8.750e-03)  (2.034e-02,-4.924e-03) (-7.650e-03,-4.631e-02)  (-8.733e-02,5.510e-03)  (-1.010e-02,1.316e-01)   (1.424e-01,4.323e-02)  (7.226e-02,-7.738e-02)  (4.533e-02,-4.685e-02)  (4.338e-02,-1.061e-01) (-1.262e-02,-8.314e-02)  (2.956e-02,-9.098e-02) (-4.236e-03,-9.231e-02)  (7.344e-02,-7.852e-02)  (4.462e-02,-4.616e-02)  (1.316e-01,-2.318e-02)   (5.638e-02,1.370e-01)  (-9.761e-02,5.204e-02) (-3.211e-02,-5.288e-02)  (2.826e-02,-1.913e-02)   (0.000e+00,0.000e+00)
   (0.000e+00,0.000e+00) (-3.820e-03,-3.248e-03)  (-8.011e-03,8.147e-03)   (1.689e-02,1.928e-02)  (3.896e-02,-2.769e-02) (-3.316e-02,-6.405e-02)  (-7.865e-02,2.081e-02)  (-1.143e-02,5.686e-02)  (-7.509e-03,3.494e-02)   (1.038e-02,6.182e-02)   (2.986e-02,3.514e-02)   (1.252e-02,5.080e-02)   (2.856e-02,4.183e-02)  (-1.150e-02,5.765e-02)  (-7.471e-03,3.447e-02)  (-5.461e-02,4.860e-02) (-6.559e-02,-4.749e-02)  (3.035e-02,-5.224e-02)   (3.012e-02,1.529e-02)  (-7.586e-03,1.702e-02)   (0.000e+00,0.000e+00)
   (0.000e+00,0.000e+00)  (-1.477e-03,4.009e-03)   (8.874e-03,4.011e-03)  (1.044e-02,-1.919e-02) (-3.365e-02,-2.297e-02)  (-4.138e-02,4.548e-02)   (3.998e-02,5.664e-02)  (4.874e-02,-7.818e-03)  (3.003e-02,-4.294e-03)  (4.629e-02,-2.660e-02)  (1.911e-02,-3.422e-02)  (3.686e-02,-2.498e-02)  (2.483e-02,-3.520e-02)  (4.944e-02,-7.853e-03)  (2.960e-02,-4.270e-03)   (5.504e-02,2.913e-02)  (-1.850e-02,6.651e-02) (-5.075e-02,-8.822e-03)  (3.342e-03,-2.861e-02)   (1.585e-02,1.063e-03)   (0.000e+00,0.000e+00)
   (0.000e+00,0.000e+00)  (2.859e-03,-2.234e-03) (-4.614e-03,-6.865e-03)  (-1.613e-02,9.191e-03)   (1.404e-02,3.165e-02)  (5.027e-02,-1.436e-02) (-3.568e-03,-5.886e-02) (-3.879e-02,-1.613e-02) (-2.362e-02,-1.028e-02) (-4.537e-02,-1.473e-03)  (-2.912e-02,1.624e-02)  (-3.780e-02,1.581e-03)  (-3.371e-02,1.439e-02) (-3.925e-02,-1.644e-02) (-2.334e-02,-1.010e-02) (-2.680e-02,-4.572e-02)  (4.315e-02,-3.981e-02)   (3.273e-02,2.909e-02)  (-1.522e-02,1.917e-02) (-1.097e-02,-7.855e-03)   (0.000e+00,0.000e+00)
   (0.000e+00,0.000e+00)  (-3.302e-03,5.135e-03)   (1.113e-02,8.344e-03)  (2.051e-02,-2.351e-02) (-3.977e-02,-4.247e-02)  (-7.182e-02,5.049e-02)   (3.803e-02,9.139e-02)   (7.037e-02,4.370e-03)   (4.327e-02,3.377e-03)  (7.282e-02,-2.265e-02)  (3.737e-02,-4.172e-02)  (5.919e-02,-2.337e-02)  (4.564e-02,-4.128e-02)   (7.138e-02,4.443e-03)   (4.265e-02,3.337e-03)   (6.758e-02,5.778e-02)  (-4.649e-02,8.690e-02) (-6.799e-02,-2.807e-02)  (1.354e-02,-3.884e-02)   (2.177e-02,6.394e-03)   (0.000e+00,0.000e+00)
   (0.000e+00,0.000e+00)  (2.421e-03,-1.666e-03) (-3.395e-03,-5.780e-03)  (-1.350e-02,6.647e-03)   (9.817e-03,2.632e-02)  (4.142e-02,-9.172e-03) (-2.806e-05,-4.789e-02) (-3.069e-02,-1.494e-02) (-1.863e-02,-9.425e-03) (-3.668e-02,-3.390e-03)  (-2.438e-02,1.180e-02) (-3.068e-02,-5.416e-04)  (-2.803e-02,1.007e-02) (-3.098e-02,-1.521e-02) (-1.845e-02,-9.263e-03) (-1.953e-02,-3.838e-02)  (3.692e-02,-3.015e-02)   (2.508e-02,2.517e-02)  (-1.326e-02,1.477e-02) (-8.484e-03,-6.893e-03)   (0.000e+00,0.000e+00)
   (0.000e+00,0.000e+00)  (-3.587e-03,5.939e-03)   (1.291e-02,9.121e-03)  (2.254e-02,-2.737e-02) (-4.656e-02,-4.695e-02)  (-7.991e-02,5.970e-02)   (4.621e-02,1.025e-01)   (8.002e-02,2.622e-03)   (4.921e-02,2.450e-03)  (8.195e-02,-2.810e-02)  (4.104e-02,-4.858e-02)  (6.645e-02,-2.845e-02)  (5.043e-02,-4.837e-02)   (8.120e-02,2.725e-03)   (4.849e-02,2.392e-03)   (7.865e-02,6.336e-02)  (-4.994e-02,1.002e-01) (-7.814e-02,-2.967e-02)  (1.412e-02,-4.456e-02)   (2.493e-02,6.564e-03)   (0.000e+00,0.000e+00)
   (0.000e+00,0.000e+00) (-1.056e-03,-3.282e-03)  (-7.635e-03,1.857e-03)   (2.878e-03,1.739e-02)  (3.282e-02,-2.052e-03)  (3.867e-03,-4.949e-02) (-5.357e-02,-1.640e-02)  (-2.736e-02,2.914e-02)  (-1.705e-02,1.774e-02)  (-1.637e-02,3.993e-02)   (4.729e-03,3.143e-02)  (-1.110e-02,3.426e-02)   (1.532e-03,3.487e-02)  (-2.764e-02,2.954e-02)  (-1.688e-02,1.750e-02)  (-4.962e-02,8.585e-03) (-2.110e-02,-5.159e-02)  (3.671e-02,-1.952e-02)   (1.206e-02,1.986e-02)  (-1.060e-02,7.193e-03)   (0.000e+00,0.000e+00)
   (0.000e+00,0.000e+00)  (-1.531e-03,5.267e-03)   (1.172e-02,4.334e-03)  (1.163e-02,-2.552e-02) (-4.518e-02,-2.634e-02)  (-4.880e-02,6.200e-02)   (5.638e-02,6.880e-02)  (6.159e-02,-1.452e-02)  (3.798e-02,-8.186e-03)  (5.680e-02,-3.827e-02)  (2.127e-02,-4.549e-02)  (4.489e-02,-3.530e-02)  (2.849e-02,-4.729e-02)  (6.256e-02,-1.455e-02)  (3.740e-02,-8.163e-03)   (7.312e-02,3.216e-02)  (-1.756e-02,8.684e-02) (-6.579e-02,-6.658e-03)  (1.677e-03,-3.694e-02)  (2.039e-02,-7.025e-05)   (0.000e+00,0.000e+00)
   (0.000e+00,0.000e+00) (-7.655e-03,-5.216e-03)  (-1.310e-02,1.654e-02)   (3.484e-02,3.203e-02)  (6.594e-02,-5.862e-02) (-7.372e-02,-1.108e-01)  (-1.399e-01,5.408e-02)  (-9.325e-03,1.063e-01)  (-6.917e-03,6.536e-02)   (3.144e-02,1.112e-01)   (6.165e-02,5.819e-02)   (3.302e-02,9.061e-02)   (6.069e-02,7.067e-02)  (-9.563e-03,1.080e-01)  (-6.778e-03,6.435e-02)  (-9.007e-02,1.001e-01) (-1.299e-01,-7.380e-02)  (4.520e-02,-1.020e-01)   (5.835e-02,2.206e-02)  (-1.056e-02,3.275e-02)   (0.000e+00,0.000e+00)
   (0.000e+00,0.000e+00)  (5.620e-03,-6.404e-03) (-1.363e-02,-1.382e-02)  (-3.315e-02,2.819e-02)   (4.606e-02,6.678e-02)  (1.094e-01,-5.476e-02) (-3.351e-02,-1.338e-01) (-9.596e-02,-2.060e-02) (-5.894e-02,-1.372e-02)  (-1.050e-01,1.612e-02)  (-6.014e-02,4.966e-02)  (-8.646e-02,1.992e-02)  (-7.141e-02,4.735e-02) (-9.748e-02,-2.092e-02) (-5.801e-02,-1.353e-02) (-8.112e-02,-9.354e-02)  (8.201e-02,-1.102e-01)   (8.794e-02,5.274e-02)  (-2.670e-02,5.077e-02) (-2.871e-02,-1.332e-02)   (0.000e+00,0.000e+00)
   (0.000e+00,0.000e+00)   (3.977e-03,4.057e-03)  (9.867e-03,-8.370e-03) (-1.708e-02,-2.345e-02)  (-4.670e-02,2.726e-02)   (3.089e-02,7.549e-02)  (9.060e-02,-1.552e-02)  (1.857e-02,-6.274e-02)  (1.210e-02,-3.852e-02) (-5.416e-03,-7.064e-02) (-2.996e-02,-4.251e-02) (-8.889e-03,-5.849e-02) (-2.785e-02,-4.988e-02)  (1.882e-02,-6.375e-02)  (1.196e-02,-3.790e-02)  (6.628e-02,-4.917e-02)   (6.908e-02,6.006e-02)  (-3.948e-02,5.580e-02) (-3.241e-02,-2.029e-02)  (1.029e-02,-1.842e-02)   (0.000e+00,0.000e+00)
   (0.000e+00,0.000e+00)  (-2.274e-03,2.002e-03)   (4.175e-03,5.494e-03)  (1.298e-02,-8.422e-03) (-1.317e-02,-2.565e-02)  (-4.108e-02,1.427e-02)   (5.639e-03,4.868e-02)   (3.286e-02,1.171e-02)   (2.017e-02,7.562e-03)  (3.777e-02,-8.426e-04)  (2.351e-02,-1.471e-02)  (3.140e-02,-3.048e-03)  (2.737e-02,-1.338e-02)   (3.340e-02,1.186e-02)   (1.984e-02,7.477e-03)   (2.425e-02,3.671e-02)  (-3.397e-02,3.504e-02) (-2.857e-02,-2.262e-02)  (1.173e-02,-1.667e-02)   (9.514e-03,6.008e-03)   (0.000e+00,0.000e+00)
   (0.000e+00,0.000e+00) (-8.549e-04,-1.055e-03)  (-2.537e-03,1.768e-03)   (3.531e-03,5.967e-03)  (1.173e-02,-5.422e-03) (-5.624e-03,-1.866e-02)  (-2.190e-02,1.614e-03)  (-5.864e-03,1.449e-02)  (-3.766e-03,8.896e-03)  (-3.285e-04,1.693e-02)   (6.144e-03,1.081e-02)   (7.793e-04,1.412e-02)   (5.472e-03,1.251e-02)  (-5.931e-03,1.474e-02)  (-3.726e-03,8.747e-03)  (-1.689e-02,1.017e-02) (-1.505e-02,-1.586e-02)  (1.066e-02,-1.237e-02)   (7.248e-03,5.562e-03)  (-2.866e-03,4.150e-03)   (0.000e+00,0.000e+00)
   (0.000e+00,0.000e+00)  (4.205e-04,-3.183e-04) (-6.537e-04,-1.007e-03)  (-2.361e-03,1.293e-03)   (1.953e-03,4.620e-03)  (7.310e-03,-1.940e-03) (-3.414e-04,-8.516e-03) (-5.544e-03,-2.465e-03) (-3.404e-03,-1.578e-03) (-6.563e-03,-3.473e-04)  (-4.274e-03,2.242e-03)  (-5.490e-03,1.194e-04)  (-4.925e-03,1.958e-03) (-5.641e-03,-2.492e-03) (-3.346e-03,-1.562e-03) (-3.723e-03,-6.684e-03)  (6.347e-03,-5.634e-03)   (4.662e-03,4.294e-03)  (-2.251e-03,2.741e-03) (-1.574e-03,-1.165e-03)   (0.000e+00,0.000e+00)
   (0.000e+00,0.000e+00)   (1.054e-04,1.473e-04)  (3.517e-04,-2.150e-04) (-4.218e-04,-8.221e-04)  (-1.604e-03,6.267e-04)   (5.969e-04,2.526e-03)  (2.925e-03,-3.638e-05)  (8.989e-04,-1.878e-03)  (5.742e-04,-1.154e-03)  (1.814e-04,-2.249e-03) (-7.280e-04,-1.488e-03)  (1.093e-05,-1.885e-03) (-6.246e-04,-1.709e-03)  (9.085e-04,-1.912e-03)  (5.685e-04,-1.133e-03)  (2.328e-03,-1.214e-03)   (1.873e-03,2.231e-03)  (-1.517e-03,1.559e-03) (-9.195e-04,-7.981e-04)  (4.145e-04,-5.292e-04)   (0.000e+00,0.000e+00)
   (0.000e+00,0.000e+00)  (-4.612e-05,3.145e-05)   (6.377e-05,1.099e-04)  (2.563e-04,-1.242e-04) (-1.817e-04,-4.985e-04)  (-7.826e-04,1.659e-04)  (-9.748e-06,9.012e-04)   (5.721e-04,2.906e-04)   (3.515e-04,1.853e-04)   (6.915e-04,7.199e-05)  (4.638e-04,-2.134e-04)   (5.809e-04,1.684e-05)  (5.309e-04,-1.800e-04)   (5.827e-04,2.936e-04)   (3.451e-04,1.836e-04)   (3.570e-04,7.259e-04)  (-7.005e-04,5.611e-04) (-4.697e-04,-4.785e-04)  (2.524e-04,-2.777e-04)   (1.602e-04,1.314e-04)   (0.000e+00,0.000e+00)
   (0.000e+00,0.000e+00) (-8.529e-06,-1.304e-05)  (-3.100e-05,1.721e-05)   (3.327e-05,7.217e-05)  (1.400e-04,-4.800e-05) (-4.202e-05,-2.192e-04) (-2.513e-04,-7.663e-06)  (-8.423e-05,1.579e-04)  (-5.368e-05,9.707e-05)  (-2.388e-05,1.925e-04)   (5.692e-05,1.306e-04)  (-7.882e-06,1.620e-04)   (4.722e-05,1.491e-04)  (-8.508e-05,1.609e-04)  (-5.317e-05,9.524e-05)  (-2.044e-04,9.555e-05) (-1.527e-04,-1.984e-04)  (1.360e-04,-1.284e-04)   (7.610e-05,7.190e-05)  (-3.752e-05,4.399e-05)   (0.000e+00,0.000e+00)
   (0.000e+00,0.000e+00)  (3.569e-06,-2.244e-06) (-4.503e-06,-8.472e-06)  (-1.969e-05,8.644e-06)   (1.229e-05,3.812e-05)  (5.949e-05,-1.027e-05)  (3.342e-06,-6.792e-05) (-4.227e-05,-2.359e-05) (-2.599e-05,-1.503e-05) (-5.194e-05,-7.432e-06)  (-3.561e-05,1.472e-05) (-4.378e-05,-2.951e-06)  (-4.056e-05,1.200e-05) (-4.311e-05,-2.382e-05) (-2.549e-05,-1.489e-05) (-2.479e-05,-5.576e-05)  (5.443e-05,-4.029e-05)   (3.406e-05,3.742e-05)  (-1.982e-05,2.023e-05) (-1.172e-05,-1.037e-05)   (0.000e+00,0.000e+00)
   (0.000e+00,0.000e+00)   (0.000e+00,0.000e+00)   (0.000e+00,0.000e+00)   (0.000e+00,0.000e+00)   (0.000e+00,0.000e+00)   (0.000e+00,0.000e+00)   (0.000e+00,0.000e+00)   (0.000e+00,0.000e+00)   (0.000e+00,0.000e+00)   (0.000e+00,0.000e+00)   (0.000e+00,0.000e+00)   (0.000e+00,0.000e+00)   (0.000e+00,0.000e+00)   (0.000e+00,0.000e+00)   (0.000e+00,0.000e+00)   (0.000e+00,0.000e+00)   (0.000e+00,0.000e+00)   (0.000e+00,0.000e+00)   (0.000e+00,0.000e+00)   (0.000e+00,0.000e+00)   (0.000e+00,0.000e+00)
